genepop generated from PopData by PopGen.jl
SNP_390,SNP_747,SNP_799,SNP_907,SNP_1910,SNP_2081,SNP_2129,SNP_2130
POP
BRZ_1261,	130130	110110	000000	120120	130130	120120	100130	130130
BRZ_1262,	130130	000000	000000	120120	000000	120120	100100	130130
BRZ_1265,	000000	000000	000000	120120	000000	120120	100100	130130
BRZ_1269,	130130	110110	100100	120120	130130	120120	100100	130130
BRZ_1270,	130130	110110	100120	120120	130130	120120	100100	100130
BRZ_1271,	130130	110110	100100	120120	130130	120120	100100	130130
BRZ_1275,	130130	110110	000000	120120	130130	120120	100100	130130
BRZ_1276,	000000	110110	000000	120120	130130	120120	100100	130130
BRZ_1278,	000000	110110	000000	120120	000000	120130	100100	100100
BRZ_1283,	130130	000000	000000	000000	000000	120120	000000	000000
BRZ_1461,	130130	110110	000000	120130	120130	120130	130130	130130
BRZ_1464,	000000	000000	000000	120130	000000	000000	100100	100130
BRZ_1465,	000000	110110	100100	120120	130130	120120	100130	130130
BRZ_1466,	130130	110110	100120	120120	130130	120130	130130	130130
BRZ_1468,	130130	110110	100120	120120	130130	120120	100100	100130
BRZ_1469,	000000	000000	000000	120120	130130	120120	100100	130130
BRZ_1470,	130130	110110	000000	120120	130130	120120	130130	130130
BRZ_1472,	000000	000000	000000	000000	000000	120120	100100	130130
BRZ_1473,	130130	110110	120120	120120	000000	120120	100100	130130
BRZ_1479,	130130	100110	100100	120120	130130	120120	100100	100130
BRZ_1480,	130130	100110	100100	120120	130130	120120	100130	130130
BRZ_1481,	130130	100110	100100	120120	130130	120120	100130	130130
BRZ_1483,	130130	100110	000000	120120	130130	120120	100100	100130
BRZ_1485,	130130	100110	000000	120120	130130	120120	100100	130130
BRZ_1486,	130130	100110	000000	120120	130130	120120	100100	100130
BRZ_1487,	130130	110110	100120	120120	130130	120120	100130	130130
BRZ_1488,	130130	100110	100120	120120	130130	120120	100100	130130
BRZ_1489,	130130	100110	120120	120120	130130	120120	100100	100130
BRZ_1490,	000000	000000	000000	000000	000000	120130	100130	130130
BRZ_1503,	130130	110110	120120	120120	130130	120120	100130	130130
POP
BRZ_1435,	130130	000000	000000	000000	130130	120120	100100	100130
BRZ_1436,	000000	110110	000000	120120	130130	120120	100130	130130
BRZ_1437,	130130	110110	100120	120120	130130	120120	130130	130130
BRZ_1438,	130130	110110	100100	120120	130130	120120	100130	130130
BRZ_1439,	130130	110110	100100	120120	130130	120120	130130	130130
BRZ_1440,	130130	110110	100100	120120	130130	120120	100130	130130
BRZ_1441,	130130	110110	100100	120120	130130	120120	130130	130130
BRZ_1442,	130130	000000	000000	120120	130130	120120	130130	130130
BRZ_1443,	130130	110110	100100	120120	130130	120120	100100	130130
BRZ_1444,	130130	110110	100100	120120	130130	120120	100130	130130
BRZ_1445,	130130	110110	100100	120120	130130	120120	130130	130130
BRZ_1446,	130130	110110	100100	120120	130130	120120	100130	130130
BRZ_1447,	130130	110110	100100	120120	130130	120120	130130	130130
BRZ_1448,	130130	110110	100100	120120	130130	120120	100130	130130
BRZ_1449,	130130	110110	000000	120120	130130	120120	130130	130130
BRZ_1450,	130130	000000	000000	120120	130130	120120	130130	130130
BRZ_1459,	130130	110110	100100	120120	130130	120120	100130	130130
BRZ_1509,	000000	000000	000000	000000	130130	000000	100130	130130
BRZ_1510,	130130	100110	100100	120120	130130	120120	100130	130130
BRZ_1511,	130130	100110	100100	120120	130130	120120	100100	130130
POP
KEY_1155,	130130	110110	100100	120120	130130	120120	100130	130130
KEY_1156,	130130	110110	100120	120120	130130	120120	100130	130130
KEY_1157,	130130	000000	100100	000000	000000	120120	000000	000000
KEY_1158,	130130	110110	100100	120120	130130	120120	000000	000000
KEY_1159,	130130	000000	100100	120120	130130	120120	100100	130130
KEY_1160,	130130	100110	100100	120120	130130	120120	100100	100130
KEY_1163,	130130	110110	100100	120120	130130	120120	100100	130130
KEY_1164,	130130	000000	100120	120120	130130	120120	100130	130130
KEY_1165,	130130	110110	100100	120120	130130	120120	100100	130130
KEY_1166,	130130	110110	100100	120120	130130	120120	100100	130130
KEY_1167,	130130	110110	100100	120120	130130	120120	100130	130130
KEY_1168,	130130	110110	100100	120120	130130	120120	000000	000000
KEY_1169,	110130	110110	100100	120120	130130	120120	100130	130130
KEY_1170,	130130	110110	100120	120120	130130	120120	000000	000000
KEY_1171,	110130	110110	100120	120120	000000	120120	100100	130130
KEY_1172,	130130	110110	100100	120120	130130	120120	100130	130130
KEY_1173,	130130	110110	100100	120120	130130	120120	100130	130130
KEY_1174,	110130	110110	100120	120120	130130	120120	100130	130130
KEY_1175,	130130	110110	100100	120120	130130	120120	100130	130130
KEY_1176,	130130	110110	100100	120120	130130	120120	100100	130130
KEY_1177,	110130	110110	100100	120120	130130	120120	100130	130130
KEY_1178,	130130	110110	100100	120120	130130	120120	100130	130130
KEY_1179,	130130	000000	100120	120130	130130	120130	100100	100130
KEY_1180,	110130	000000	100100	120120	120130	120130	100100	100130
KEY_1181,	130130	110110	100100	000000	120130	000000	100100	100130
KEY_1182,	110130	000000	120120	000000	000000	120130	100100	100130
KEY_1183,	110130	100110	100120	120120	130130	120120	100100	100130
KEY_1184,	110130	100110	100100	120120	130130	120120	100100	100130
KEY_1185,	130130	110110	120120	120120	130130	120130	100130	130130
KEY_1186,	110130	110110	100120	120130	130130	120120	100130	130130
KEY_1187,	110130	110110	100100	120130	120130	120130	100100	130130
KEY_1188,	130130	100110	100100	120120	130130	120120	100100	100130
KEY_1189,	130130	100110	100100	120120	130130	120120	100130	130130
KEY_1190,	000000	000000	100100	000000	000000	000000	100130	130130
KEY_1191,	130130	110110	100100	120120	130130	120120	100130	130130
KEY_1193,	130130	000000	100100	120130	120130	130130	100130	130130
KEY_1370,	130130	110110	100120	120120	130130	120120	000000	000000
KEY_1371,	130130	110110	100100	120120	130130	120120	100100	100100
KEY_1372,	130130	000000	100100	120120	130130	120120	130130	130130
KEY_1373,	110130	110110	100100	120120	130130	120120	100130	130130
KEY_1374,	110130	000000	100100	120120	130130	120120	100100	100100
KEY_1375,	130130	110110	100100	120120	130130	120120	100130	100130
KEY_1376,	110130	000000	100100	120120	000000	000000	000000	000000
KEY_1377,	130130	110110	100100	120120	130130	120120	100100	100100
KEY_1378,	130130	110110	100100	120120	130130	120120	100100	130130
KEY_1379,	130130	110110	100100	120120	130130	120120	130130	130130
KEY_1382,	130130	110110	100100	120120	130130	120120	100130	100130
KEY_1383,	130130	110110	100100	120120	130130	120120	000000	000000
KEY_1391,	000000	000000	100100	000000	000000	000000	100100	100130
KEY_1392,	000000	110110	100100	120120	000000	120130	100100	100100
KEY_1393,	130130	110110	100100	120120	130130	120120	100130	130130
KEY_1396,	110130	110110	120120	120120	130130	120120	100130	100130
KEY_1397,	110130	110110	100100	120120	130130	120120	100100	130130
KEY_1398,	130130	110110	000000	120120	000000	120120	100130	100130
KEY_1399,	110130	100110	100100	120120	130130	120120	100130	130130
KEY_1403,	130130	110110	100120	120120	130130	120120	100100	130130
KEY_1404,	130130	100110	100100	120120	130130	120120	100100	100130
KEY_1405,	130130	100110	100100	120120	130130	120120	100100	100130
KEY_1406,	110130	110110	100120	120120	130130	120120	000000	000000
KEY_1407,	130130	100110	100120	120120	130130	120120	100100	100130
KEY_1409,	130130	100110	100100	120120	130130	120120	100100	100130
KEY_1410,	130130	100110	100100	120120	130130	120120	100100	100100
KEY_1411,	130130	100110	100120	120120	130130	120120	100130	130130
POP
MRT_1299,	130130	110110	100100	120120	130130	120120	100100	100100
MRT_1300,	130130	110110	100100	120120	130130	120120	100100	100100
MRT_1301,	130130	110110	100100	120120	130130	120120	100100	100100
MRT_1302,	130130	000000	100100	120120	130130	120120	100100	100100
MRT_1303,	130130	110110	100100	120120	130130	120120	100130	130130
MRT_1304,	130130	000000	100100	000000	130130	120120	100100	100100
MRT_1305,	130130	110110	100100	120120	130130	120120	100100	100100
MRT_1306,	130130	110110	100100	120120	130130	120120	100100	100130
MRT_1307,	130130	110110	100100	120120	130130	120120	100100	100100
MRT_1308,	130130	110110	100100	120120	130130	120120	100100	100100
MRT_1309,	130130	110110	100100	120120	130130	120120	100100	100130
MRT_1310,	130130	110110	100100	120120	130130	120120	100100	100100
MRT_1315,	130130	110110	100100	120120	130130	120120	100100	100100
MRT_1316,	110130	110110	100100	120120	130130	120120	100100	100130
MRT_1317,	130130	110110	100100	120120	130130	120120	100100	100100
MRT_1318,	130130	110110	100100	120120	130130	120120	100100	130130
MRT_1319,	130130	110110	100100	120120	130130	120120	100130	130130
MRT_1320,	130130	110110	100100	120120	130130	120120	100130	130130
MRT_1321,	130130	110110	100100	120120	130130	120120	100100	130130
MRT_1322,	130130	110110	100100	120120	130130	120120	100100	130130
MRT_1323,	130130	110110	100100	120120	130130	120120	100100	100130
MRT_1324,	130130	110110	100120	120120	130130	120120	100100	130130
MRT_1325,	130130	110110	100100	120120	130130	120120	100130	130130
MRT_1326,	130130	110110	100100	120120	130130	120120	100130	130130
MRT_1327,	130130	110110	100120	120120	130130	120120	100100	100130
MRT_1328,	130130	110110	100120	120120	130130	120120	100100	100130
MRT_1329,	130130	110110	100100	120120	130130	120120	100100	100130
MRT_1330,	130130	000000	100100	120130	120130	000000	100100	100130
MRT_1331,	130130	110110	100100	000000	120130	000000	100100	100130
MRT_1332,	130130	000000	100100	120130	120130	000000	100100	100100
MRT_1333,	130130	110110	100100	120120	130130	120120	100130	130130
MRT_1334,	000000	000000	100100	120130	120130	120130	100100	100130
MRT_1335,	130130	110110	100120	120120	130130	120120	100100	100130
MRT_1336,	110130	110110	100100	120120	130130	120120	100130	130130
MRT_1337,	130130	110110	100100	120120	130130	120120	100100	100130
MRT_1338,	130130	110110	100100	120130	120130	120130	100100	100100
MRT_1339,	130130	110110	100100	120130	120130	120130	100100	100130
MRT_1340,	130130	110110	100100	120130	120130	120130	100100	100100
MRT_1341,	130130	110110	100100	120120	130130	120120	100100	130130
MRT_1342,	110130	110110	100100	120130	120130	120130	100130	130130
MRT_1343,	130130	000000	100100	120130	120130	120120	100100	100130
MRT_1347,	130130	110110	100100	120130	120130	120130	100100	100100
MRT_1348,	130130	110110	100100	120130	120130	120130	100100	100130
MRT_1349,	130130	110110	100100	120130	120130	120130	100100	100100
MRT_1350,	000000	000000	100100	120120	000000	000000	100130	130130
POP
PNS_792,	110130	110110	100100	120120	130130	120120	100100	130130
PNS_793,	130130	110110	100120	120120	130130	120120	100130	130130
PNS_794,	130130	110110	100100	120120	130130	120120	100130	130130
PNS_795,	130130	000000	100100	000000	000000	120120	100130	130130
PNS_796,	130130	110110	100100	120120	130130	120120	100130	130130
PNS_797,	130130	110110	100120	120120	130130	120120	000000	000000
PNS_798,	130130	110110	100100	120120	130130	120120	100100	130130
PNS_799,	130130	110110	100100	120120	130130	120120	100100	130130
PNS_800,	130130	110110	100120	120120	130130	120120	100130	130130
PNS_801,	130130	110110	100100	120120	130130	120120	100100	130130
PNS_802,	130130	110110	100100	120120	130130	120120	100130	100130
PNS_803,	130130	110110	100100	120120	130130	120120	130130	130130
PNS_808,	110130	110110	100100	120120	130130	120120	100100	130130
PNS_809,	130130	110110	100100	120120	130130	120120	100100	130130
PNS_810,	130130	110110	100100	120120	130130	120120	100130	130130
PNS_811,	130130	110110	100100	120120	130130	120120	100100	130130
PNS_812,	130130	110110	100100	120120	130130	120120	100130	130130
PNS_813,	130130	110110	100120	120120	130130	120120	100100	130130
PNS_814,	130130	110110	100100	120120	130130	120120	000000	000000
PNS_815,	130130	110110	100100	120120	130130	120120	100130	130130
PNS_817,	130130	000000	100100	000000	000000	120130	100130	130130
PNS_818,	130130	110110	100100	120120	130130	120120	100130	130130
PNS_819,	130130	110110	100100	120120	130130	120120	100130	130130
PNS_821,	130130	110110	100100	120120	130130	120120	100100	100130
PNS_822,	130130	110110	000000	120130	120130	120120	100100	130130
PNS_823,	130130	110110	100100	120120	130130	120120	100130	130130
PNS_824,	000000	000000	100120	120130	000000	120130	100130	100130
PNS_825,	130130	110110	100100	120130	120130	120130	100100	100130
PNS_826,	110130	110110	100100	120120	130130	120120	100130	130130
PNS_827,	130130	110110	100100	120120	130130	120120	100130	130130
PNS_828,	000000	110110	000000	000000	000000	120120	100130	130130
PNS_829,	130130	110110	100100	120120	130130	120120	100100	130130
PNS_830,	130130	110110	100100	120120	130130	120120	100100	100130
PNS_831,	130130	110110	100100	120120	130130	120120	100130	130130
PNS_833,	130130	110110	100100	120130	120130	120130	100130	100130
POP
PR_1038,	130130	110110	100100	120120	130130	120120	100130	130130
PR_1040,	130130	000000	100100	120120	130130	120120	000000	000000
PR_1041,	130130	000000	000000	120120	130130	120120	130130	130130
PR_1042,	110110	110110	000000	120120	130130	120120	100130	130130
PR_1043,	130130	110110	000000	120120	130130	120120	100100	130130
PR_1046,	000000	000000	000000	000000	000000	000000	100130	130130
PR_1047,	130130	110110	100120	120120	130130	120120	100130	130130
PR_1050,	110130	110110	100120	120120	130130	120120	100130	130130
PR_1051,	110130	110110	120120	120120	130130	120120	100130	130130
PR_1052,	130130	100110	100100	120120	130130	120120	100130	130130
PR_1053,	130130	100110	100120	120120	130130	120120	100100	100100
PR_1054,	130130	110110	100100	120120	130130	120120	100100	130130
PR_1055,	130130	110110	100120	120120	130130	120120	100100	100130
PR_1056,	110130	110110	100100	120120	130130	120120	100100	130130
PR_1057,	130130	110110	100120	120120	130130	120120	100100	130130
PR_1058,	000000	110110	100100	120120	000000	120120	100130	130130
PR_1060,	110130	110110	100100	120120	130130	120120	100130	130130
PR_1061,	130130	110110	100100	120120	130130	120120	100130	130130
PR_1062,	130130	100110	100120	120120	130130	120120	100100	100100
PR_945,	110130	100110	100100	120120	130130	120120	100100	100130
PR_946,	130130	000000	100100	000000	000000	120120	100130	100130
PR_947,	130130	000000	100100	000000	000000	000000	100130	130130
PR_948,	000000	000000	100120	000000	000000	000000	130130	130130
PR_949,	110130	000000	100100	000000	130130	120120	100100	100100
PR_950,	110130	100110	100100	120120	130130	120120	100100	100100
PR_951,	000000	110110	100100	120120	000000	120120	100100	100100
PR_952,	130130	100110	100100	120120	130130	120120	100100	100100
PR_953,	130130	110110	100100	120120	130130	120120	100100	100100
PR_954,	130130	110110	100100	120120	130130	120120	100100	100100
PR_955,	130130	110110	100100	120120	130130	120120	100130	100130
PR_957,	130130	110110	100100	120120	130130	120120	100100	100100
PR_958,	110130	110110	100120	120120	130130	120120	100100	100100
PR_960,	130130	110110	100100	120120	130130	120120	100130	100130
PR_961,	130130	110110	100100	120120	130130	120120	100130	130130
PR_963,	130130	110110	100120	120120	130130	120120	100100	100100
PR_964,	130130	110110	100100	120120	130130	120120	100100	100130
PR_965,	130130	110110	100100	120120	130130	120120	100100	100130
PR_966,	130130	100110	100100	120120	130130	120120	100100	100130
PR_967,	130130	100110	100100	120120	130130	120120	100100	100100
PR_968,	130130	100110	100120	120120	130130	120120	100100	100130
PR_971,	130130	100110	100100	120120	130130	120120	100130	130130
PR_972,	000000	000000	100120	000000	130130	000000	100100	100100
PR_973,	000000	000000	000000	000000	000000	000000	100130	130130
PR_974,	130130	000000	100100	120120	120130	120130	100130	130130
PR_975,	130130	100110	100100	120120	130130	120120	100130	100130
PR_976,	130130	100110	100100	120120	130130	120120	100100	130130
PR_977,	130130	100110	100100	120120	130130	120120	100100	100130
PR_979,	130130	100110	100100	120120	130130	120120	100100	100130
POP
SCA_1195,	000000	110110	100100	120120	130130	120120	100130	130130
SCA_1196,	130130	110110	100100	120120	130130	120120	100100	130130
SCA_1197,	130130	110110	100100	120120	130130	120120	100130	130130
SCA_1198,	130130	110110	100100	120120	130130	120120	100100	130130
SCA_1199,	130130	110110	100100	120120	130130	120120	130130	130130
SCA_1200,	130130	110110	100100	120120	130130	120120	100130	100130
SCA_1201,	130130	110110	100120	120120	130130	120120	100130	130130
SCA_1203,	130130	100110	100100	120120	130130	120120	100100	100130
SCA_1204,	130130	110110	000000	120120	130130	120120	100130	100130
SCA_1206,	130130	100110	000000	120120	130130	120120	100130	130130
SCA_1208,	130130	110110	000000	000000	130130	120120	100130	130130
SCA_1212,	130130	110110	100100	120120	130130	120120	100100	130130
SCA_1213,	130130	110110	000000	120120	130130	120120	100100	130130
SCA_1214,	130130	110110	100100	120120	130130	120120	100130	130130
SCA_1216,	110130	110110	100100	120120	130130	120120	100130	130130
SCA_1217,	130130	110110	100100	120120	130130	120120	100100	130130
SCA_1218,	130130	110110	100100	120120	130130	120120	100130	130130
SCA_1220,	130130	100110	000000	120120	130130	120120	100130	100130
SCA_1221,	130130	110110	000000	120120	130130	120120	100130	130130
SCA_1222,	130130	110110	100100	120120	130130	120120	100100	130130
SCA_1223,	130130	110110	100100	120120	130130	120120	100130	130130
SCA_1224,	130130	110110	100100	120120	130130	120120	100100	130130
SCA_1225,	130130	100110	000000	120120	130130	120120	100100	100130
SCA_1226,	130130	110110	100100	120120	130130	120120	100100	130130
SCA_1227,	130130	110110	100100	120130	120130	120120	100100	100130
SCA_1230,	110130	110110	100100	120120	130130	120120	100100	100130
SCA_1231,	130130	110110	000000	120120	000000	120120	100130	100130
SCA_1232,	130130	110110	100100	120120	120130	120130	100100	100130
SCA_1233,	130130	100110	100100	120120	130130	120120	100100	100130
SCA_1234,	130130	100110	000000	120120	000000	120120	100130	130130
SCA_1239,	130130	000000	100100	000000	000000	120120	100100	130130
SCA_1240,	000000	000000	000000	120130	120130	120130	100130	130130
SCA_848,	130130	110110	100100	120120	130130	120120	130130	130130
SCA_853,	000000	000000	000000	120120	130130	120120	130130	130130
SCA_854,	130130	110110	100100	120120	130130	120120	100130	130130
SCA_857,	130130	000000	000000	120120	000000	120120	130130	130130
SCA_869,	000000	000000	000000	000000	000000	000000	100100	100130
SCA_871,	130130	110110	000000	120120	120130	120130	100130	130130
SCA_874,	000000	110110	120120	120130	120130	120130	100130	130130
SCA_876,	130130	110110	100100	120120	130130	120120	100100	130130
SCA_877,	000000	000000	000000	000000	120130	120130	100130	130130
SCA_880,	130130	110110	100120	120120	130130	120120	100130	130130
SCA_896,	130130	110110	100100	120120	130130	120120	100130	130130
SCA_897,	130130	110110	120120	120120	130130	120120	100100	100130
SCA_914,	000000	000000	000000	000000	000000	120120	100130	130130
SCA_915,	130130	000000	000000	000000	130130	000000	100130	130130
SCA_916,	130130	110110	000000	120120	130130	120120	100100	100130
SCA_917,	130130	110110	100120	120120	130130	120120	100130	130130
SCA_918,	110130	110110	000000	120120	130130	120120	000000	000000
SCA_919,	000000	110110	000000	120120	130130	120120	100100	100100
SCA_920,	000000	110110	000000	120120	000000	120120	100100	100100
SCA_921,	130130	110110	120120	120120	130130	120120	100100	100100
SCA_922,	130130	110110	120120	120120	130130	120120	100100	100100
SCA_923,	000000	000000	000000	000000	000000	000000	100100	100130
SCA_924,	130130	110110	100120	120120	130130	120120	100100	100130
SCA_925,	130130	100110	100100	120120	130130	120120	130130	130130
SCA_926,	130130	100110	000000	120120	130130	120120	100100	130130
SCA_927,	130130	100110	100100	120120	130130	120120	100100	130130
SCA_929,	130130	100110	100100	120120	130130	120120	100130	130130
SCA_930,	130130	100110	100100	120120	130130	120120	100100	130130
SCA_931,	130130	100110	100100	120120	130130	120120	100130	130130
SCA_932,	130130	100110	000000	120120	130130	120120	100100	100130
SCA_933,	130130	100110	000000	120120	130130	120120	100100	130130
POP
TX_1098,	130130	000000	100100	120120	130130	120120	130130	130130
TX_1099,	130130	110110	100100	120120	130130	120120	100100	130130
TX_1100,	130130	110110	100100	120120	130130	120120	100130	130130
TX_1101,	130130	110110	100100	120120	130130	120120	100100	100130
TX_1104,	130130	110110	000000	120120	130130	000000	100100	100130
TX_1105,	130130	110110	100100	120120	130130	120120	100130	130130
TX_1107,	130130	110110	100100	120120	130130	120120	100130	100130
TX_1109,	000000	110110	100100	120120	000000	120120	100100	100130
TX_1110,	130130	110110	100100	120120	130130	120120	100100	130130
TX_1111,	130130	110110	100100	120120	130130	120120	100100	130130
TX_1114,	130130	110110	100100	120120	130130	120120	100100	100100
TX_1120,	130130	100110	100100	120120	130130	120120	100130	130130
TX_1122,	130130	110110	100120	120120	130130	120120	100100	130130
TX_1123,	130130	110110	100100	120120	130130	120120	100130	130130
TX_1125,	130130	110110	100100	120120	130130	120120	100100	100130
TX_1126,	130130	110110	100100	120120	130130	120120	100100	100130
TX_1127,	130130	110110	100100	120120	130130	120120	100100	100100
TX_1128,	130130	110110	100100	120120	130130	120120	100100	100100
TX_1130,	130130	100110	100100	120120	130130	120120	100130	130130
TX_1131,	130130	100110	100100	120120	130130	120120	100130	130130
TX_1132,	130130	110110	100100	120130	120130	120130	100130	100130
TX_1133,	130130	110110	100100	120130	120130	120130	100130	130130
TX_1134,	130130	110110	100100	120130	120130	120130	100130	100130
TX_1135,	130130	110110	100100	120130	120130	120120	100100	100130
TX_1136,	130130	110110	100100	120130	120130	120130	100100	100130
TX_1137,	000000	000000	000000	120130	000000	000000	100100	100130
TX_1138,	000000	110110	100100	120120	120130	120130	100100	100130
TX_1139,	000000	000000	000000	120130	000000	120130	100130	130130
TX_1140,	130130	110110	100100	120130	000000	120130	100100	130130
TX_1141,	130130	000000	000000	120130	000000	120130	100130	100130
TX_1142,	000000	000000	000000	120130	000000	120130	100100	100130
TX_1143,	130130	110110	100100	120130	120130	120130	100130	130130
TX_1144,	130130	110110	000000	120130	120130	120130	100130	130130
TX_1145,	130130	110110	000000	120130	120130	120130	000000	000000
TX_1146,	110130	110110	100100	120130	120130	120130	100130	130130
POP
VZ_992,	130130	000000	120120	120120	000000	120120	100100	100100
VZ_993,	130130	000000	000000	000000	000000	120120	100130	130130
VZ_994,	000000	000000	120120	120120	000000	000000	100130	130130
VZ_995,	130130	000000	100120	000000	130130	120120	130130	130130
VZ_996,	130130	110110	100120	120120	130130	120120	000000	000000
VZ_997,	130130	110110	100100	120120	130130	120120	100100	100130
VZ_999,	000000	000000	000000	000000	000000	120120	100130	130130
VZ_1000,	130130	110110	120120	120120	130130	120120	000000	000000
VZ_1001,	130130	110110	100100	120120	130130	120120	100100	130130
VZ_1002,	130130	110110	100120	120120	130130	120120	100130	130130
VZ_1004,	130130	110110	100120	120120	130130	120120	130130	130130
VZ_1005,	130130	110110	100100	120120	130130	120120	100130	130130
VZ_1006,	130130	110110	120120	000000	130130	120120	100130	130130
VZ_1007,	130130	110110	100120	000000	000000	120120	100130	130130
VZ_1009,	130130	100110	120120	120120	000000	120120	100130	130130
VZ_1010,	130130	110110	100120	120120	130130	120120	100130	130130
VZ_1019,	130130	110110	100120	120120	130130	120120	100100	100130
VZ_1020,	130130	110110	100120	120120	130130	120120	100130	130130
VZ_1021,	130130	110110	120120	120120	130130	120120	130130	130130
VZ_1022,	130130	000000	120120	000000	120130	000000	100130	130130
VZ_1026,	130130	110110	120120	120120	000000	000000	100130	130130
VZ_1027,	110130	100110	120120	120120	130130	120120	100130	130130
VZ_1029,	130130	100110	100100	120120	130130	120120	100130	130130
VZ_670,	110130	000000	100100	000000	000000	000000	100100	130130
VZ_671,	130130	110110	100100	120120	130130	120120	100130	130130
VZ_672,	130130	110110	100100	120120	130130	120120	100100	130130
VZ_673,	130130	110110	100100	120120	130130	120120	100100	130130
VZ_674,	130130	110110	100100	120120	130130	120120	100100	130130
VZ_675,	130130	110110	100100	120120	130130	120120	100100	130130
VZ_676,	130130	110110	100100	120120	130130	120120	000000	000000
VZ_677,	130130	110110	100120	120120	130130	120120	100100	130130
VZ_678,	130130	100110	100100	120120	130130	120120	130130	130130
VZ_679,	130130	110110	100100	120120	130130	120120	100130	130130
VZ_680,	130130	110110	100100	120120	130130	120120	100130	130130
VZ_681,	110130	100110	100100	120120	130130	120120	130130	130130
VZ_682,	110130	110110	100120	120120	130130	120120	100100	130130
VZ_683,	000000	000000	000000	120120	130130	120120	000000	000000
VZ_684,	130130	110110	100120	120120	130130	120120	100100	130130
VZ_685,	110130	110110	100100	120120	130130	120120	100130	130130
VZ_686,	130130	110110	100100	120120	130130	120120	100130	130130
VZ_687,	130130	110110	100120	120120	130130	120120	130130	130130
VZ_688,	130130	110110	100100	120120	130130	120120	100100	130130
VZ_689,	130130	110110	100100	120120	130130	120120	100130	130130
VZ_690,	130130	110110	100120	120120	130130	120120	100130	130130
VZ_691,	130130	110110	100120	120120	130130	120120	130130	130130
VZ_692,	130130	000000	100100	120120	000000	120120	100100	100130
VZ_693,	130130	110110	100100	120120	130130	120130	100100	100130
VZ_694,	130130	100110	100100	120120	130130	120120	130130	130130
VZ_695,	130130	110110	100100	120130	130130	120120	100100	100130
VZ_701,	110130	100110	100100	120120	130130	120120	100130	130130
VZ_702,	110130	100110	100100	120120	130130	120120	100100	130130
VZ_703,	130130	100110	100100	120120	130130	120120	100130	130130
VZ_705,	130130	100110	100120	120120	130130	120120	100100	130130
VZ_706,	130130	100110	100100	120120	130130	120120	100130	130130
VZ_707,	130130	100110	100100	120120	130130	120120	100130	130130
VZ_708,	130130	110110	100100	120130	120130	120130	000000	000000
VZ_709,	130130	000000	000000	120120	120130	120120	000000	000000