    prob  log10(PO)   qval  alpha  fst
1  0.00966731 -2.01048 0.989859 -0.0019156 0.46067 
2  0.0088673 -2.0483 0.99052 0.00078389 0.46122 
3  0.0090673 -2.0386 0.99038 -0.00047153 0.46098 
4  0.0088673 -2.0483 0.99052 0.00023740 0.46115 
5  0.0086006 -2.0617 0.99070 0.00039709 0.46118 
6  0.0082005 -2.0826 0.99092 0.0010775 0.46135 
7  0.0093340 -2.0259 0.99015 0.00028750 0.46113 
8  0.0086672 -2.0583 0.99066 -0.0026673 0.46054 
9  0.0084006 -2.0720 0.99082 -0.00091212 0.46088 
10  0.0082005 -2.0826 0.99092 0.00053654 0.46120 
11  0.0086006 -2.0617 0.99070 0.0011783 0.46133 
12  0.0098673 -2.0015 0.98968 -0.00072599 0.46095 
13  0.0086006 -2.0617 0.99070 -0.0014082 0.46077 
14  0.010467 -1.9756 0.98912 -0.0048099 0.46008 
15  0.0092673 -2.0290 0.99021 0.00052993 0.46120 
16  0.0098007 -2.0045 0.98974 -0.00084783 0.46089 
17  0.0087339 -2.0550 0.99061 -0.00044332 0.46098 
18  0.0093340 -2.0259 0.99015 0.00079509 0.46126 
19  0.0074005 -2.1275 0.99114 3.1356e-05 0.46109 
20  0.0078005 -2.1045 0.99107 0.0011103 0.46133 
21  0.0092673 -2.0290 0.99021 0.00050287 0.46122 
22  0.0090673 -2.0386 0.99038 0.00056906 0.46119 
23  0.0082672 -2.0790 0.99089 0.00018364 0.46112 
24  0.0085339 -2.0651 0.99075 -0.00059712 0.46095 
25  0.0099340 -1.9985 0.98958 -0.0033898 0.46040 
26  0.0090673 -2.0386 0.99038 0.00089675 0.46131 
27  0.0082005 -2.0826 0.99092 -0.0014219 0.46075 
28  0.0083339 -2.0755 0.99086 0.0010113 0.46132 
29  0.0090006 -2.0418 0.99043 0.00072522 0.46122 
30  0.0094673 -2.0196 0.99003 -0.00029626 0.46103 
31  0.0085339 -2.0651 0.99075 -0.00037013 0.46103 
32  0.0081339 -2.0862 0.99096 -0.0013412 0.46077 
33  0.0085339 -2.0651 0.99075 0.00023945 0.46113 
34  0.0084006 -2.0720 0.99082 0.0012559 0.46135 
35  0.0078672 -2.1008 0.99105 -0.00051539 0.46094 
36  0.0094006 -2.0227 0.99008 -0.0029771 0.46050 
37  0.0078672 -2.1008 0.99105 -0.00034763 0.46098 
38  0.0089339 -2.0451 0.99047 0.00017850 0.46111 
39  0.0088673 -2.0483 0.99052 0.0012312 0.46137 
40  0.0083339 -2.0755 0.99086 0.0012373 0.46134 
41  0.0091339 -2.0354 0.99033 -0.00023923 0.46102 
42  0.0090673 -2.0386 0.99038 0.00078423 0.46125 
43  0.0083339 -2.0755 0.99086 -0.00026267 0.46105 
44  0.010001 -1.9956 0.98953 -0.00072781 0.46094 
45  0.0090673 -2.0386 0.99038 0.00012110 0.46110 
46  0.0091339 -2.0354 0.99033 -0.00040078 0.46102 
47  0.0082005 -2.0826 0.99092 -0.0029971 0.46042 
48  0.0081339 -2.0862 0.99096 0.00026040 0.46111 
49  0.0090006 -2.0418 0.99043 -0.0010517 0.46086 
50  0.0087339 -2.0550 0.99061 -0.0019638 0.46066 
51  0.0086006 -2.0617 0.99070 -0.0012545 0.46079 
52  0.0088006 -2.0516 0.99057 0.0015397 0.46140 
53  0.0084006 -2.0720 0.99082 0.0011874 0.46133 
54  0.0083339 -2.0755 0.99086 0.00071425 0.46122 
55  0.0084006 -2.0720 0.99082 -0.0022318 0.46059 
56  0.0099340 -1.9985 0.98958 -0.00024301 0.46103 
57  0.010201 -1.9869 0.98933 -0.0040589 0.46022 
58  0.0093340 -2.0259 0.99015 -4.4050e-05 0.46106 
59  0.0089339 -2.0451 0.99047 0.00094377 0.46129 
60  0.010667 -1.9673 0.98894 -0.0012112 0.46085 
61  0.0085339 -2.0651 0.99075 -0.00020059 0.46104 
62  0.0088673 -2.0483 0.99052 -0.0030670 0.46045 
63  0.0083339 -2.0755 0.99086 0.0012317 0.46132 
64  0.0090006 -2.0418 0.99043 -0.00070918 0.46091 
65  0.0078672 -2.1008 0.99105 -3.5732e-05 0.46105 
66  0.0082005 -2.0826 0.99092 -0.00073508 0.46092 
67  0.0074005 -2.1275 0.99114 -7.9093e-05 0.46108 
68  0.0094673 -2.0196 0.99003 0.00099446 0.46128 
69  0.0084672 -2.0686 0.99078 4.4757e-05 0.46112 
70  0.0072005 -2.1395 0.99117 0.00072531 0.46124 
71  0.0096006 -2.0135 0.98992 -0.0011300 0.46085 
72  0.0098007 -2.0045 0.98974 0.00025234 0.46115 
73  0.0098673 -2.0015 0.98968 -0.00063600 0.46096 
74  0.0086672 -2.0583 0.99066 0.0011712 0.46136 
75  0.0087339 -2.0550 0.99061 -0.0017263 0.46071 
76  0.0080005 -2.0934 0.99101 -0.0016239 0.46074 
77  0.0081339 -2.0862 0.99096 -0.00015096 0.46105 
78  0.0082005 -2.0826 0.99092 -1.2512e-05 0.46107 
79  0.0090673 -2.0386 0.99038 0.00078133 0.46123 
80  0.0077338 -2.1082 0.99108 0.0011877 0.46133 
81  0.0075338 -2.1197 0.99112 0.00032717 0.46112 
82  0.0082672 -2.0790 0.99089 0.00044515 0.46117 
83  0.0086672 -2.0583 0.99066 -0.00031331 0.46103 
84  0.010067 -1.9927 0.98944 2.8110e-05 0.46113 
85  0.0084006 -2.0720 0.99082 -0.0014834 0.46074 
86  0.0088006 -2.0516 0.99057 -0.0013457 0.46079 
87  0.0099340 -1.9985 0.98958 -0.0024587 0.46058 
88  0.0076672 -2.1120 0.99109 -0.0010314 0.46085 
89  0.0098007 -2.0045 0.98974 0.00096479 0.46130 
90  0.0085339 -2.0651 0.99075 -0.00059337 0.46097 
91  0.0090673 -2.0386 0.99038 -2.5206e-06 0.46108 
92  0.0084006 -2.0720 0.99082 -0.0031947 0.46046 
93  0.0093340 -2.0259 0.99015 -0.0017054 0.46073 
94  0.0081339 -2.0862 0.99096 0.00039772 0.46113 
95  0.0092673 -2.0290 0.99021 0.00039110 0.46116 
96  0.0086006 -2.0617 0.99070 0.00031252 0.46113 
97  0.0086006 -2.0617 0.99070 -2.1863e-05 0.46106 
98  0.0085339 -2.0651 0.99075 0.00037386 0.46119 
99  0.0091339 -2.0354 0.99033 -0.0014984 0.46076 
100  0.0085339 -2.0651 0.99075 -0.0010179 0.46086 
101  0.0092673 -2.0290 0.99021 0.0021491 0.46158 
102  0.0078672 -2.1008 0.99105 -0.00091763 0.46089 
103  0.010467 -1.9756 0.98912 -0.00065920 0.46096 
104  0.0088673 -2.0483 0.99052 -9.7351e-05 0.46106 
105  0.0090673 -2.0386 0.99038 -0.0027573 0.46054 
106  0.0082672 -2.0790 0.99089 -0.00097390 0.46085 
107  0.0083339 -2.0755 0.99086 -0.00097361 0.46087 
108  0.0078672 -2.1008 0.99105 0.00012278 0.46111 
109  0.0090006 -2.0418 0.99043 -3.7720e-05 0.46109 
110  0.010534 -1.9728 0.98904 -0.00040292 0.46099 
111  0.0088006 -2.0516 0.99057 -0.00060630 0.46096 
112  0.0084006 -2.0720 0.99082 0.0010106 0.46127 
113  0.0090006 -2.0418 0.99043 -0.00019858 0.46102 
114  0.0083339 -2.0755 0.99086 0.00030859 0.46114 
115  0.0089339 -2.0451 0.99047 -0.0012732 0.46084 
116  0.0091339 -2.0354 0.99033 -0.00085406 0.46091 
117  0.0083339 -2.0755 0.99086 -0.00091122 0.46093 
118  0.0095340 -2.0166 0.98998 0.00081064 0.46125 
119  0.0087339 -2.0550 0.99061 -0.00066026 0.46095 
120  0.0085339 -2.0651 0.99075 -0.0016934 0.46075 
121  0.0080005 -2.0934 0.99101 -0.00084564 0.46089 
122  0.0074005 -2.1275 0.99114 -0.00058700 0.46094 
123  0.010134 -1.9898 0.98940 -0.0011030 0.46088 
124  0.0092006 -2.0322 0.99026 -0.00092595 0.46090 
125  0.0092673 -2.0290 0.99021 -0.0041263 0.46019 
126  0.0081339 -2.0862 0.99096 -0.00038696 0.46099 
127  0.0074672 -2.1236 0.99113 0.00033013 0.46112 
128  0.0082672 -2.0790 0.99089 -0.0017922 0.46070 
129  0.0090006 -2.0418 0.99043 0.00073198 0.46123 
130  0.0083339 -2.0755 0.99086 -0.0018861 0.46072 
131  0.0086672 -2.0583 0.99066 -0.0010683 0.46087 
132  0.0089339 -2.0451 0.99047 0.0012794 0.46136 
133  0.0093340 -2.0259 0.99015 0.00081636 0.46126 
134  0.0078005 -2.1045 0.99107 -0.00069121 0.46093 
135  0.0080005 -2.0934 0.99101 0.00052096 0.46119 
136  0.0098007 -2.0045 0.98974 -0.00043301 0.46099 
137  0.0091339 -2.0354 0.99033 0.0016805 0.46144 
138  0.0089339 -2.0451 0.99047 -0.0010443 0.46084 
139  0.0087339 -2.0550 0.99061 0.00023378 0.46109 
140  0.0090673 -2.0386 0.99038 -0.0025067 0.46054 
141  0.0085339 -2.0651 0.99075 -0.00039978 0.46100 
142  0.0088006 -2.0516 0.99057 -0.00023618 0.46102 
143  0.0091339 -2.0354 0.99033 -0.0025288 0.46054 
144  0.0080672 -2.0898 0.99099 -4.1003e-05 0.46104 
145  0.0078005 -2.1045 0.99107 0.00083033 0.46126 
146  0.0079339 -2.0971 0.99103 0.00032404 0.46112 
147  0.0082672 -2.0790 0.99089 -0.00079152 0.46090 
148  0.010001 -1.9956 0.98953 -0.0024411 0.46056 
149  0.0096006 -2.0135 0.98992 -0.0047667 0.46013 
150  0.0074005 -2.1275 0.99114 -0.00049531 0.46098 
151  0.0092673 -2.0290 0.99021 -0.00070425 0.46095 
152  0.0098007 -2.0045 0.98974 0.0015312 0.46144 
153  0.0089339 -2.0451 0.99047 -8.2009e-05 0.46105 
154  0.0091339 -2.0354 0.99033 0.00058110 0.46119 
155  0.0094673 -2.0196 0.99003 -0.00060346 0.46096 
156  0.0097340 -2.0075 0.98979 0.00083130 0.46129 
157  0.0072005 -2.1395 0.99117 -0.0013547 0.46076 
158  0.0088673 -2.0483 0.99052 0.0010591 0.46136 
159  0.010134 -1.9898 0.98940 0.00030412 0.46119 
160  0.0082005 -2.0826 0.99092 -0.0027524 0.46050 
161  0.0091339 -2.0354 0.99033 0.00053591 0.46122 
162  0.0086006 -2.0617 0.99070 0.00039007 0.46116 
163  0.0086672 -2.0583 0.99066 -0.00010678 0.46110 
164  0.0085339 -2.0651 0.99075 0.0013733 0.46143 
165  0.0087339 -2.0550 0.99061 0.0010136 0.46131 
166  0.0095340 -2.0166 0.98998 5.2557e-07 0.46108 
167  0.0092673 -2.0290 0.99021 0.00064461 0.46120 
168  0.0088006 -2.0516 0.99057 -0.0025098 0.46053 
169  0.0080672 -2.0898 0.99099 -0.0028364 0.46046 
170  0.011601 -1.9304 0.98813 -0.0051028 0.46002 
171  0.0091339 -2.0354 0.99033 -0.0020557 0.46063 
172  0.0083339 -2.0755 0.99086 0.00017204 0.46111 
173  0.0074672 -2.1236 0.99113 0.00021135 0.46111 
174  0.0098673 -2.0015 0.98968 -0.0019015 0.46068 
175  0.0086672 -2.0583 0.99066 0.00021554 0.46113 
176  0.0098673 -2.0015 0.98968 -0.00042282 0.46099 
177  0.0088006 -2.0516 0.99057 0.00046681 0.46118 
178  0.0091339 -2.0354 0.99033 -0.0021057 0.46063 
179  0.0086672 -2.0583 0.99066 0.0015855 0.46140 
180  0.0086006 -2.0617 0.99070 0.00078684 0.46126 
181  0.0096006 -2.0135 0.98992 0.00060020 0.46123 
182  0.0081339 -2.0862 0.99096 -5.6415e-05 0.46107 
183  0.0080005 -2.0934 0.99101 0.00063027 0.46120 
184  0.0088673 -2.0483 0.99052 -0.00015824 0.46106 
185  0.0084672 -2.0686 0.99078 -0.0022556 0.46060 
186  0.0084672 -2.0686 0.99078 3.7581e-05 0.46109 
187  0.0086672 -2.0583 0.99066 0.00054715 0.46119 
188  0.0075338 -2.1197 0.99112 5.8035e-05 0.46110 
189  0.0088006 -2.0516 0.99057 0.00037162 0.46118 
190  0.0083339 -2.0755 0.99086 -0.00085429 0.46092 
191  0.010267 -1.9841 0.98929 -0.0047415 0.46013 
192  0.0098007 -2.0045 0.98974 -0.0017455 0.46072 
193  0.0097340 -2.0075 0.98979 -0.00019893 0.46106 
194  0.0082005 -2.0826 0.99092 -0.0018070 0.46071 
195  0.0097340 -2.0075 0.98979 0.0013576 0.46135 
196  0.0093340 -2.0259 0.99015 0.00028732 0.46118 
197  0.0094006 -2.0227 0.99008 -0.0035652 0.46033 
198  0.0089339 -2.0451 0.99047 1.6701e-05 0.46109 
199  0.0084006 -2.0720 0.99082 0.00020291 0.46111 
200  0.0078005 -2.1045 0.99107 -0.00010633 0.46104 
201  0.0073338 -2.1315 0.99115 -0.0015397 0.46078 
202  0.010401 -1.9784 0.98920 -0.0040315 0.46024 
203  0.0080672 -2.0898 0.99099 -7.6195e-05 0.46108 
204  0.0078005 -2.1045 0.99107 -0.0010938 0.46085 
205  0.0076005 -2.1158 0.99110 0.00047277 0.46118 
206  0.0084006 -2.0720 0.99082 0.00017301 0.46111 
207  0.0086006 -2.0617 0.99070 0.00012249 0.46111 
208  0.0088673 -2.0483 0.99052 -6.6322e-05 0.46110 
209  0.0083339 -2.0755 0.99086 0.00021228 0.46113 
210  0.0074005 -2.1275 0.99114 -1.8821e-05 0.46108 
211  0.010001 -1.9956 0.98953 0.00045687 0.46118 
212  0.0094673 -2.0196 0.99003 0.0012752 0.46137 
213  0.010134 -1.9898 0.98940 9.7269e-05 0.46115 
214  0.0077338 -2.1082 0.99108 -0.0016201 0.46074 
215  0.0087339 -2.0550 0.99061 -0.00042597 0.46099 
216  0.0092006 -2.0322 0.99026 0.00012845 0.46113 
217  0.0092006 -2.0322 0.99026 -0.0046617 0.46013 
218  0.0085339 -2.0651 0.99075 -0.00018656 0.46105 
219  0.0084006 -2.0720 0.99082 0.00099216 0.46129 
220  0.0088673 -2.0483 0.99052 -0.0041122 0.46021 
221  0.0073338 -2.1315 0.99115 0.00039566 0.46115 
222  0.0080672 -2.0898 0.99099 -0.00072858 0.46091 
223  0.0088673 -2.0483 0.99052 -0.0019262 0.46068 
224  0.0080672 -2.0898 0.99099 -0.0030662 0.46044 
225  0.0080005 -2.0934 0.99101 -0.0013801 0.46078 
226  0.010067 -1.9927 0.98944 0.00056196 0.46122 
227  0.0088673 -2.0483 0.99052 0.0016046 0.46143 
228  0.0096673 -2.0105 0.98986 -0.00087723 0.46089 
229  0.0082005 -2.0826 0.99092 -0.0016365 0.46072 
230  0.0093340 -2.0259 0.99015 0.00056138 0.46119 
231  0.010267 -1.9841 0.98929 -0.00068517 0.46096 
232  0.0094673 -2.0196 0.99003 -0.0023599 0.46063 
233  0.0092006 -2.0322 0.99026 -0.0010046 0.46086 
234  0.0092673 -2.0290 0.99021 -0.00056117 0.46095 
235  0.0088673 -2.0483 0.99052 0.00067761 0.46124 
236  0.0093340 -2.0259 0.99015 -0.0021810 0.46063 
237  0.0076672 -2.1120 0.99109 0.00036621 0.46118 
238  0.0091339 -2.0354 0.99033 -0.00025638 0.46105 
239  0.0087339 -2.0550 0.99061 -6.3985e-05 0.46107 
240  0.0091339 -2.0354 0.99033 -2.8028e-05 0.46109 
241  0.0092006 -2.0322 0.99026 0.00020182 0.46111 
242  0.0082005 -2.0826 0.99092 -0.0023193 0.46060 
243  0.0088673 -2.0483 0.99052 0.00069970 0.46125 
244  0.0088673 -2.0483 0.99052 0.00021857 0.46116 
245  0.0086672 -2.0583 0.99066 0.00062589 0.46123 
246  0.010001 -1.9956 0.98953 -0.00071506 0.46092 
247  0.0083339 -2.0755 0.99086 0.00088507 0.46124 
248  0.0084006 -2.0720 0.99082 -0.0012519 0.46081 
249  0.0070671 -2.1477 0.99117 -0.0010029 0.46086 
250  0.0095340 -2.0166 0.98998 0.00035171 0.46116 
251  0.0086672 -2.0583 0.99066 -0.0014343 0.46078 
252  0.0087339 -2.0550 0.99061 0.00050279 0.46117 
253  0.0090673 -2.0386 0.99038 0.0011575 0.46134 
254  0.0086006 -2.0617 0.99070 -0.00097801 0.46086 
255  0.0080005 -2.0934 0.99101 -0.0015977 0.46074 
256  0.0088006 -2.0516 0.99057 0.00012923 0.46110 
257  0.0088006 -2.0516 0.99057 -0.0013877 0.46080 
258  0.0097340 -2.0075 0.98979 -0.0022039 0.46067 
259  0.010401 -1.9784 0.98920 -0.0028642 0.46050 
260  0.0086672 -2.0583 0.99066 8.1426e-05 0.46111 
261  0.0090673 -2.0386 0.99038 0.0015057 0.46144 
262  0.0096673 -2.0105 0.98986 -0.0013837 0.46079 
263  0.0080005 -2.0934 0.99101 -0.0013343 0.46081 
264  0.0086672 -2.0583 0.99066 0.0014588 0.46139 
265  0.0096673 -2.0105 0.98986 -0.0029178 0.46045 
266  0.0090006 -2.0418 0.99043 0.00019050 0.46113 
267  0.0080005 -2.0934 0.99101 -0.00073503 0.46091 
268  0.0098673 -2.0015 0.98968 0.0013104 0.46139 
269  0.0095340 -2.0166 0.98998 7.8387e-06 0.46110 
270  0.0088673 -2.0483 0.99052 -0.0037494 0.46029 
271  0.0078672 -2.1008 0.99105 0.00046798 0.46116 
272  0.0094006 -2.0227 0.99008 0.0020797 0.46153 
273  0.0089339 -2.0451 0.99047 -0.0024588 0.46059 
274  0.0092006 -2.0322 0.99026 -0.0014623 0.46074 
275  0.0088673 -2.0483 0.99052 3.8328e-05 0.46109 
276  0.0087339 -2.0550 0.99061 -0.0032458 0.46043 
277  0.0084672 -2.0686 0.99078 3.4583e-05 0.46110 
278  0.0080672 -2.0898 0.99099 0.00067594 0.46121 
279  0.0094673 -2.0196 0.99003 -0.0030364 0.46047 
280  0.0082672 -2.0790 0.99089 -0.00043839 0.46098 
281  0.0098673 -2.0015 0.98968 -0.0023488 0.46061 
282  0.010401 -1.9784 0.98920 0.00042550 0.46116 
283  0.0078005 -2.1045 0.99107 -0.0014597 0.46077 
284  0.0095340 -2.0166 0.98998 0.00069122 0.46123 
285  0.0091339 -2.0354 0.99033 0.00056108 0.46119 
286  0.010001 -1.9956 0.98953 0.00074109 0.46128 
287  0.0085339 -2.0651 0.99075 -0.00099887 0.46083 
288  0.0080672 -2.0898 0.99099 0.00032973 0.46116 
289  0.0075338 -2.1197 0.99112 0.00031792 0.46113 
290  0.0084006 -2.0720 0.99082 0.00028248 0.46116 
291  0.0078005 -2.1045 0.99107 0.00077945 0.46124 
292  0.0094006 -2.0227 0.99008 -0.00040970 0.46102 
293  0.0094006 -2.0227 0.99008 -0.0027844 0.46053 
294  0.0080672 -2.0898 0.99099 -5.6027e-05 0.46107 
295  0.0079339 -2.0971 0.99103 -9.4723e-05 0.46107 
296  0.0083339 -2.0755 0.99086 -0.0024603 0.46058 
297  0.0080672 -2.0898 0.99099 -1.4937e-05 0.46109 
298  0.0081339 -2.0862 0.99096 -0.00036319 0.46101 
299  0.0091339 -2.0354 0.99033 -0.0030171 0.46046 
300  0.0074005 -2.1275 0.99114 4.5798e-05 0.46110 
301  0.0082005 -2.0826 0.99092 -0.00065540 0.46097 
302  0.0074672 -2.1236 0.99113 -1.2581e-05 0.46108 
303  0.0087339 -2.0550 0.99061 -0.0024472 0.46060 
304  0.0090006 -2.0418 0.99043 -0.0023652 0.46059 
305  0.0086006 -2.0617 0.99070 -0.0019571 0.46064 
306  0.0084672 -2.0686 0.99078 0.00049767 0.46118 
307  0.0075338 -2.1197 0.99112 -0.0011739 0.46081 
308  0.0084006 -2.0720 0.99082 -5.1150e-05 0.46107 
309  0.0088006 -2.0516 0.99057 -0.0011173 0.46083 
310  0.0072005 -2.1395 0.99117 -4.1076e-05 0.46107 
311  0.0085339 -2.0651 0.99075 -0.00093436 0.46089 
312  0.010067 -1.9927 0.98944 -0.0023568 0.46061 
313  0.0088673 -2.0483 0.99052 0.00097103 0.46129 
314  0.0082005 -2.0826 0.99092 0.00053157 0.46119 
315  0.0098673 -2.0015 0.98968 -0.00092435 0.46087 
316  0.010001 -1.9956 0.98953 0.00092548 0.46130 
317  0.0086006 -2.0617 0.99070 -0.00021051 0.46106 
318  0.0078672 -2.1008 0.99105 -0.00056990 0.46094 
319  0.010401 -1.9784 0.98920 -0.0040167 0.46021 
320  0.0080672 -2.0898 0.99099 -0.0020180 0.46066 
321  0.0090673 -2.0386 0.99038 -8.4709e-05 0.46108 
322  0.010534 -1.9728 0.98904 -0.0038704 0.46029 
323  0.0093340 -2.0259 0.99015 -0.00052614 0.46099 
324  0.0087339 -2.0550 0.99061 0.00048212 0.46119 
325  0.0094006 -2.0227 0.99008 0.00076674 0.46124 
326  0.0089339 -2.0451 0.99047 -0.00034100 0.46102 
327  0.010667 -1.9673 0.98894 -0.0052558 0.46000 
328  0.0093340 -2.0259 0.99015 0.0011195 0.46134 
329  0.0091339 -2.0354 0.99033 -0.00082156 0.46088 
330  0.0094673 -2.0196 0.99003 -0.0044486 0.46016 
331  0.0094006 -2.0227 0.99008 0.00038994 0.46116 
332  0.0092006 -2.0322 0.99026 0.00037993 0.46118 
333  0.0092006 -2.0322 0.99026 -0.0013134 0.46079 
334  0.0096006 -2.0135 0.98992 0.00079633 0.46128 
335  0.0086006 -2.0617 0.99070 -0.00050671 0.46099 
336  0.0086006 -2.0617 0.99070 -0.00089500 0.46089 
337  0.0082005 -2.0826 0.99092 -0.00094961 0.46088 
338  0.0074005 -2.1275 0.99114 -0.0011913 0.46081 
339  0.0082005 -2.0826 0.99092 -0.00012974 0.46104 
340  0.0096673 -2.0105 0.98986 -0.0015909 0.46075 
341  0.0090673 -2.0386 0.99038 0.00045523 0.46120 
342  0.0095340 -2.0166 0.98998 0.00028511 0.46114 
343  0.0094673 -2.0196 0.99003 -0.00097362 0.46088 
344  0.0085339 -2.0651 0.99075 0.00013397 0.46111 
345  0.0085339 -2.0651 0.99075 -0.0033791 0.46035 
346  0.0083339 -2.0755 0.99086 0.00095170 0.46130 
347  0.0094673 -2.0196 0.99003 -2.3674e-05 0.46107 
348  0.0094006 -2.0227 0.99008 -0.0039028 0.46030 
349  0.0098007 -2.0045 0.98974 -0.0025997 0.46053 
350  0.0096673 -2.0105 0.98986 -0.0011061 0.46086 
351  0.0088006 -2.0516 0.99057 -0.0029072 0.46047 
352  0.0080672 -2.0898 0.99099 0.00037373 0.46115 
353  0.0084006 -2.0720 0.99082 -0.00010591 0.46113 
354  0.0086006 -2.0617 0.99070 -0.0017771 0.46071 
355  0.010401 -1.9784 0.98920 -0.0045671 0.46016 
356  0.0081339 -2.0862 0.99096 0.00012151 0.46112 
357  0.0082672 -2.0790 0.99089 -0.0014693 0.46074 
358  0.0094673 -2.0196 0.99003 -0.0030958 0.46047 
359  0.0099340 -1.9985 0.98958 -0.00060175 0.46094 
360  0.0086672 -2.0583 0.99066 -0.00045733 0.46098 
361  0.0080672 -2.0898 0.99099 -0.0021139 0.46063 
362  0.0078672 -2.1008 0.99105 4.5132e-05 0.46110 
363  0.0076005 -2.1158 0.99110 -0.00099912 0.46088 
364  0.0080672 -2.0898 0.99099 -0.0020694 0.46064 
365  0.0097340 -2.0075 0.98979 -0.00089665 0.46087 
366  0.0098673 -2.0015 0.98968 -0.0011093 0.46086 
367  0.0084006 -2.0720 0.99082 -0.0013044 0.46081 
368  0.0084006 -2.0720 0.99082 0.00098394 0.46131 
369  0.0084006 -2.0720 0.99082 -0.0015703 0.46077 
370  0.0098673 -2.0015 0.98968 -0.0021065 0.46062 
371  0.0092006 -2.0322 0.99026 -0.00098853 0.46087 
372  0.010601 -1.9700 0.98898 -0.0014288 0.46080 
373  0.0085339 -2.0651 0.99075 0.00070809 0.46125 
374  0.0080005 -2.0934 0.99101 0.00069259 0.46124 
375  0.0094006 -2.0227 0.99008 -0.0020199 0.46072 
376  0.0082672 -2.0790 0.99089 -0.0021116 0.46065 
377  0.0086672 -2.0583 0.99066 -0.0012582 0.46078 
378  0.0091339 -2.0354 0.99033 -2.4062e-05 0.46109 
379  0.0098007 -2.0045 0.98974 -9.0632e-05 0.46108 
380  0.0089339 -2.0451 0.99047 -0.00066884 0.46094 
381  0.0087339 -2.0550 0.99061 0.0011546 0.46133 
382  0.0090006 -2.0418 0.99043 0.00086445 0.46127 
383  0.0084672 -2.0686 0.99078 0.00047236 0.46117 
384  0.0091339 -2.0354 0.99033 -0.00072576 0.46091 
385  0.0098007 -2.0045 0.98974 -0.00017789 0.46107 
386  0.0096673 -2.0105 0.98986 -0.00093750 0.46093 
387  0.0075338 -2.1197 0.99112 -0.0012991 0.46082 
388  0.011401 -1.9381 0.98837 -0.0011909 0.46089 
389  0.0091339 -2.0354 0.99033 -0.0010650 0.46089 
390  0.0087339 -2.0550 0.99061 0.00016288 0.46113 
391  0.0085339 -2.0651 0.99075 0.00057611 0.46121 
392  0.0091339 -2.0354 0.99033 -0.00024618 0.46102 
393  0.0088673 -2.0483 0.99052 -0.00029745 0.46103 
394  0.0075338 -2.1197 0.99112 0.0011035 0.46132 
395  0.0091339 -2.0354 0.99033 -0.00054008 0.46099 
396  0.0086672 -2.0583 0.99066 0.00034922 0.46116 
397  0.0084672 -2.0686 0.99078 -0.00066287 0.46094 
398  0.0085339 -2.0651 0.99075 1.5192e-05 0.46109 
399  0.0079339 -2.0971 0.99103 -0.0010453 0.46085 
400  0.0089339 -2.0451 0.99047 9.7893e-05 0.46112 
401  0.0072005 -2.1395 0.99117 0.00026103 0.46110 
402  0.0092006 -2.0322 0.99026 0.00012076 0.46111 
403  0.0086006 -2.0617 0.99070 -0.00046156 0.46100 
404  0.010267 -1.9841 0.98929 -0.0047952 0.46010 
405  0.0091339 -2.0354 0.99033 0.0010718 0.46131 
406  0.0096006 -2.0135 0.98992 -0.0024002 0.46056 
407  0.0090673 -2.0386 0.99038 -0.00096566 0.46091 
408  0.010001 -1.9956 0.98953 7.1336e-05 0.46109 
409  0.0098007 -2.0045 0.98974 -0.00041422 0.46100 
410  0.0099340 -1.9985 0.98958 -0.0031458 0.46046 
411  0.0097340 -2.0075 0.98979 0.00026362 0.46113 
412  0.0084006 -2.0720 0.99082 -0.00052918 0.46096 
413  0.0084672 -2.0686 0.99078 -0.00056225 0.46095 
414  0.0083339 -2.0755 0.99086 -0.00027068 0.46103 
415  0.0084006 -2.0720 0.99082 -0.0023121 0.46064 
416  0.010601 -1.9700 0.98898 0.0017637 0.46146 
417  0.0086672 -2.0583 0.99066 -0.00043128 0.46098 
418  0.0087339 -2.0550 0.99061 -0.00091247 0.46090 
419  0.0082672 -2.0790 0.99089 -0.00034856 0.46102 
420  0.0079339 -2.0971 0.99103 -0.00021086 0.46105 
421  0.0091339 -2.0354 0.99033 0.00077910 0.46126 
422  0.0081339 -2.0862 0.99096 0.0012371 0.46134 
423  0.0095340 -2.0166 0.98998 -9.1386e-05 0.46106 
424  0.0091339 -2.0354 0.99033 7.8308e-05 0.46113 
425  0.0093340 -2.0259 0.99015 -0.0024275 0.46057 
426  0.0096006 -2.0135 0.98992 -0.0037291 0.46029 
427  0.0088673 -2.0483 0.99052 0.00039579 0.46116 
428  0.0088673 -2.0483 0.99052 0.0011055 0.46133 
429  0.0080672 -2.0898 0.99099 -0.00049163 0.46097 
430  0.0080672 -2.0898 0.99099 0.00075114 0.46124 
431  0.0086672 -2.0583 0.99066 0.00099651 0.46128 
432  0.0091339 -2.0354 0.99033 0.00095019 0.46128 
433  0.0076005 -2.1158 0.99110 -0.00053849 0.46096 
434  0.0096006 -2.0135 0.98992 -0.00038073 0.46101 
435  0.0085339 -2.0651 0.99075 -0.00058346 0.46095 
436  0.011001 -1.9538 0.98869 -0.00028537 0.46103 
437  0.0074005 -2.1275 0.99114 0.00013888 0.46111 
438  0.010534 -1.9728 0.98904 -0.0039512 0.46024 
439  0.010001 -1.9956 0.98953 -0.00091096 0.46093 
440  0.010001 -1.9956 0.98953 -0.00021231 0.46103 
441  0.0071338 -2.1436 0.99117 -0.00027343 0.46101 
442  0.0090006 -2.0418 0.99043 -0.0030361 0.46045 
443  0.0085339 -2.0651 0.99075 0.0012500 0.46133 
444  0.0082672 -2.0790 0.99089 -0.0036108 0.46032 
445  0.0070005 -2.1518 0.99117 -6.2165e-05 0.46104 
446  0.0099340 -1.9985 0.98958 0.0020851 0.46155 
447  0.0091339 -2.0354 0.99033 0.00061354 0.46122 
448  0.0099340 -1.9985 0.98958 -0.0011307 0.46085 
449  0.0098673 -2.0015 0.98968 -0.00052070 0.46101 
450  0.0089339 -2.0451 0.99047 0.00037066 0.46114 
451  0.0092673 -2.0290 0.99021 -0.0038856 0.46025 
452  0.0090006 -2.0418 0.99043 -0.00092333 0.46093 
453  0.0092673 -2.0290 0.99021 -0.0033532 0.46042 
454  0.0086672 -2.0583 0.99066 2.1719e-05 0.46108 
455  0.0080005 -2.0934 0.99101 0.0014287 0.46137 
456  0.0086672 -2.0583 0.99066 0.00099308 0.46130 
457  0.0092006 -2.0322 0.99026 -0.0027239 0.46048 
458  0.0083339 -2.0755 0.99086 0.00029049 0.46114 
459  0.0085339 -2.0651 0.99075 0.00079546 0.46123 
460  0.0080005 -2.0934 0.99101 -0.0016957 0.46075 
461  0.0086006 -2.0617 0.99070 -0.00079226 0.46093 
462  0.0098007 -2.0045 0.98974 -3.1875e-05 0.46108 
463  0.010667 -1.9673 0.98894 -0.0052157 0.46003 
464  0.0071338 -2.1436 0.99117 -0.00034936 0.46101 
465  0.0088006 -2.0516 0.99057 0.00020384 0.46115 
466  0.0078005 -2.1045 0.99107 0.00033766 0.46116 
467  0.0086006 -2.0617 0.99070 0.00059816 0.46120 
468  0.0085339 -2.0651 0.99075 -0.00026837 0.46104 
469  0.0080672 -2.0898 0.99099 -3.0364e-05 0.46107 
470  0.010001 -1.9956 0.98953 0.00062625 0.46122 
471  0.0089339 -2.0451 0.99047 -0.0017753 0.46072 
472  0.0080672 -2.0898 0.99099 0.00059881 0.46124 
473  0.0089339 -2.0451 0.99047 -0.0014251 0.46081 
474  0.0084006 -2.0720 0.99082 -0.0020688 0.46067 
475  0.0082005 -2.0826 0.99092 -0.00029207 0.46103 
476  0.0091339 -2.0354 0.99033 -0.00087154 0.46086 
477  0.0070005 -2.1518 0.99117 -0.0011498 0.46082 
478  0.0090006 -2.0418 0.99043 -0.0017015 0.46072 
479  0.0078005 -2.1045 0.99107 0.00088276 0.46128 
480  0.0085339 -2.0651 0.99075 -0.00087161 0.46092 
481  0.0088006 -2.0516 0.99057 -0.00050570 0.46096 
482  0.0088006 -2.0516 0.99057 -0.0024161 0.46056 
483  0.010401 -1.9784 0.98920 -0.0022854 0.46057 
484  0.0088006 -2.0516 0.99057 -0.00039488 0.46100 
485  0.0094006 -2.0227 0.99008 0.00025903 0.46113 
486  0.0084006 -2.0720 0.99082 -0.00065409 0.46097 
487  0.010467 -1.9756 0.98912 -0.0020875 0.46064 
488  0.0082672 -2.0790 0.99089 -0.0018683 0.46071 
489  0.0086672 -2.0583 0.99066 -0.00043169 0.46098 
490  0.0094673 -2.0196 0.99003 -0.00092468 0.46088 
491  0.0076672 -2.1120 0.99109 5.4396e-06 0.46109 
492  0.0090673 -2.0386 0.99038 -0.00020064 0.46104 
493  0.0088673 -2.0483 0.99052 -0.0022607 0.46058 
494  0.0093340 -2.0259 0.99015 6.2582e-05 0.46111 
495  0.0094673 -2.0196 0.99003 -0.0032236 0.46040 
496  0.0073338 -2.1315 0.99115 0.00071104 0.46124 
497  0.0094673 -2.0196 0.99003 -0.0030347 0.46042 
498  0.0090673 -2.0386 0.99038 -0.00054655 0.46096 
499  0.0099340 -1.9985 0.98958 -0.0044727 0.46017 
500  0.0084672 -2.0686 0.99078 0.00029906 0.46113 
501  0.0085339 -2.0651 0.99075 -0.0029388 0.46046 
502  0.0072672 -2.1355 0.99116 0.00036065 0.46117 
503  0.0091339 -2.0354 0.99033 -0.00064827 0.46093 
504  0.0082005 -2.0826 0.99092 -0.0027303 0.46053 
505  0.0080672 -2.0898 0.99099 -0.00036143 0.46098 
506  0.0087339 -2.0550 0.99061 0.00093315 0.46126 
507  0.0096673 -2.0105 0.98986 -0.00037064 0.46099 
508  0.0088006 -2.0516 0.99057 -0.00044049 0.46099 
509  0.0096006 -2.0135 0.98992 -0.00067082 0.46094 
510  0.0080005 -2.0934 0.99101 0.0015773 0.46139 
511  0.0079339 -2.0971 0.99103 -0.0011266 0.46085 
512  0.0086672 -2.0583 0.99066 0.00030511 0.46115 
513  0.0094673 -2.0196 0.99003 0.0017464 0.46145 
514  0.0096673 -2.0105 0.98986 -0.00044142 0.46102 
515  0.0088006 -2.0516 0.99057 -0.00051569 0.46095 
516  0.0086006 -2.0617 0.99070 -0.0010170 0.46086 
517  0.0094673 -2.0196 0.99003 0.00041634 0.46117 
518  0.0090006 -2.0418 0.99043 -0.00025997 0.46103 
519  0.0085339 -2.0651 0.99075 0.00017379 0.46111 
520  0.0068005 -2.1645 0.99118 -0.00076702 0.46092 
521  0.0080672 -2.0898 0.99099 7.8626e-05 0.46112 
522  0.0087339 -2.0550 0.99061 0.00019183 0.46114 
523  0.0086672 -2.0583 0.99066 -0.0028629 0.46050 
524  0.0083339 -2.0755 0.99086 -0.00018440 0.46107 
525  0.0086672 -2.0583 0.99066 0.00045912 0.46117 
526  0.0090006 -2.0418 0.99043 0.00080216 0.46128 
527  0.0078672 -2.1008 0.99105 0.0019310 0.46148 
528  0.0084006 -2.0720 0.99082 -0.00041120 0.46101 
529  0.010534 -1.9728 0.98904 -0.00059688 0.46097 
530  0.0078672 -2.1008 0.99105 0.00036108 0.46114 
531  0.0084006 -2.0720 0.99082 7.8067e-05 0.46108 
532  0.0093340 -2.0259 0.99015 0.0016964 0.46146 
533  0.0097340 -2.0075 0.98979 -0.00071971 0.46094 
534  0.0091339 -2.0354 0.99033 -0.00034213 0.46102 
535  0.0088673 -2.0483 0.99052 -0.0019847 0.46063 
536  0.0093340 -2.0259 0.99015 0.0018366 0.46147 
537  0.0075338 -2.1197 0.99112 -9.5951e-05 0.46107 
538  0.0086672 -2.0583 0.99066 0.00056660 0.46120 
539  0.0096673 -2.0105 0.98986 -0.00037109 0.46101 
540  0.0078672 -2.1008 0.99105 0.0018678 0.46148 
541  0.010734 -1.9645 0.98884 0.00096185 0.46129 
542  0.0080005 -2.0934 0.99101 0.00014675 0.46113 
543  0.0094006 -2.0227 0.99008 0.00059444 0.46121 
544  0.0080672 -2.0898 0.99099 -0.00065117 0.46093 
545  0.0090006 -2.0418 0.99043 0.0020800 0.46155 
546  0.0088006 -2.0516 0.99057 0.0010104 0.46129 
547  0.0090006 -2.0418 0.99043 -0.0019011 0.46069 
548  0.0080672 -2.0898 0.99099 -0.0012536 0.46081 
549  0.0088006 -2.0516 0.99057 -0.0010047 0.46088 
550  0.011334 -1.9407 0.98844 -0.0046600 0.46011 
551  0.0080005 -2.0934 0.99101 0.00082684 0.46122 
552  0.010134 -1.9898 0.98940 -0.0037743 0.46026 
553  0.0090006 -2.0418 0.99043 -0.00068772 0.46095 
554  0.0082672 -2.0790 0.99089 0.00056101 0.46120 
555  0.0069338 -2.1560 0.99118 -0.00058517 0.46095 
556  0.0085339 -2.0651 0.99075 -0.0036089 0.46032 
557  0.0094673 -2.0196 0.99003 0.00075063 0.46125 
558  0.010467 -1.9756 0.98912 -0.00032751 0.46102 
559  0.0092006 -2.0322 0.99026 -0.0030208 0.46044 
560  0.0088006 -2.0516 0.99057 0.0024588 0.46158 
561  0.0075338 -2.1197 0.99112 -0.0012782 0.46079 
562  0.0084672 -2.0686 0.99078 0.00062730 0.46120 
563  0.0084672 -2.0686 0.99078 -0.00013594 0.46106 
564  0.0078005 -2.1045 0.99107 0.00020554 0.46117 
565  0.0086672 -2.0583 0.99066 0.0013355 0.46135 
566  0.0093340 -2.0259 0.99015 0.00087885 0.46126 
567  0.0082005 -2.0826 0.99092 -0.0016075 0.46075 
568  0.0082672 -2.0790 0.99089 -0.00032514 0.46106 
569  0.0088006 -2.0516 0.99057 -0.00066327 0.46092 
570  0.010401 -1.9784 0.98920 -0.0018625 0.46070 
571  0.0090006 -2.0418 0.99043 0.00011456 0.46110 
572  0.0092006 -2.0322 0.99026 -0.0018422 0.46072 
573  0.0088673 -2.0483 0.99052 -0.00047314 0.46099 
574  0.010534 -1.9728 0.98904 0.0012182 0.46135 
575  0.0084672 -2.0686 0.99078 -0.00073274 0.46094 
576  0.010267 -1.9841 0.98929 -0.00057466 0.46096 
577  0.0084672 -2.0686 0.99078 -0.00076219 0.46092 
578  0.0083339 -2.0755 0.99086 -0.00064558 0.46097 
579  0.0069338 -2.1560 0.99118 -0.0010484 0.46084 
580  0.0095340 -2.0166 0.98998 0.00078425 0.46126 
581  0.0096673 -2.0105 0.98986 -0.00039040 0.46102 
582  0.0078672 -2.1008 0.99105 6.3415e-05 0.46110 
583  0.0086006 -2.0617 0.99070 2.4445e-06 0.46106 
584  0.0090006 -2.0418 0.99043 0.00075641 0.46123 
585  0.0093340 -2.0259 0.99015 -0.0027642 0.46048 
586  0.0084006 -2.0720 0.99082 0.0010510 0.46130 
587  0.0082005 -2.0826 0.99092 -0.0010709 0.46084 
588  0.0074005 -2.1275 0.99114 -0.00097523 0.46085 
589  0.0088006 -2.0516 0.99057 -0.0015549 0.46076 
590  0.0093340 -2.0259 0.99015 -0.0031004 0.46040 
591  0.010334 -1.9812 0.98922 -0.0028024 0.46053 
592  0.0086672 -2.0583 0.99066 -0.00013304 0.46105 
593  0.0082005 -2.0826 0.99092 0.00081523 0.46125 
594  0.0086672 -2.0583 0.99066 -0.00047729 0.46097 
595  0.0094673 -2.0196 0.99003 0.0016277 0.46147 
596  0.0092006 -2.0322 0.99026 -0.00024166 0.46104 
597  0.0088673 -2.0483 0.99052 -0.0023468 0.46061 
598  0.0085339 -2.0651 0.99075 0.00049218 0.46119 
599  0.0075338 -2.1197 0.99112 -0.00091442 0.46091 
600  0.0089339 -2.0451 0.99047 -0.00098622 0.46088 
601  0.0092006 -2.0322 0.99026 -0.0032367 0.46042 
602  0.0080005 -2.0934 0.99101 -0.00030728 0.46101 
603  0.0092006 -2.0322 0.99026 0.00056391 0.46117 
604  0.0088673 -2.0483 0.99052 -0.00080236 0.46096 
605  0.0088006 -2.0516 0.99057 -0.00065099 0.46096 
606  0.0081339 -2.0862 0.99096 -0.00071558 0.46089 
607  0.0094673 -2.0196 0.99003 -0.00061631 0.46094 
608  0.0090006 -2.0418 0.99043 0.00063231 0.46124 
609  0.0085339 -2.0651 0.99075 -0.00090387 0.46089 
610  0.0090006 -2.0418 0.99043 -0.0010175 0.46086 
611  0.0084672 -2.0686 0.99078 -0.00078581 0.46094 
612  0.0090673 -2.0386 0.99038 -0.00016378 0.46105 
613  0.0080005 -2.0934 0.99101 -0.00015511 0.46106 
614  0.0081339 -2.0862 0.99096 -0.00065484 0.46094 
615  0.0070005 -2.1518 0.99117 0.00051405 0.46118 
616  0.0090673 -2.0386 0.99038 -0.0010451 0.46085 
617  0.0082672 -2.0790 0.99089 0.00017018 0.46111 
618  0.0084672 -2.0686 0.99078 -0.0022614 0.46058 
619  0.0082005 -2.0826 0.99092 0.00043801 0.46122 
620  0.0092673 -2.0290 0.99021 -0.00066000 0.46094 
621  0.0089339 -2.0451 0.99047 -0.00010670 0.46106 
622  0.0080672 -2.0898 0.99099 0.00093099 0.46127 
623  0.0095340 -2.0166 0.98998 -0.0031013 0.46046 
624  0.010601 -1.9700 0.98898 -8.0668e-05 0.46107 
625  0.0086672 -2.0583 0.99066 0.00079486 0.46124 
626  0.0083339 -2.0755 0.99086 -0.0021935 0.46064 
627  0.0077338 -2.1082 0.99108 0.00014282 0.46114 
628  0.0085339 -2.0651 0.99075 -0.0027047 0.46051 
629  0.0084006 -2.0720 0.99082 -0.00082084 0.46091 
630  0.0093340 -2.0259 0.99015 -0.0012713 0.46083 
631  0.0090006 -2.0418 0.99043 -0.0017871 0.46074 
632  0.0079339 -2.0971 0.99103 0.00042831 0.46120 
633  0.0080005 -2.0934 0.99101 0.00015793 0.46112 
634  0.0082005 -2.0826 0.99092 -0.00047184 0.46098 
635  0.0089339 -2.0451 0.99047 -0.0011622 0.46083 
636  0.0082672 -2.0790 0.99089 -0.0020820 0.46066 
637  0.0085339 -2.0651 0.99075 0.00033318 0.46117 
638  0.0084672 -2.0686 0.99078 6.6610e-06 0.46108 
639  0.0085339 -2.0651 0.99075 -0.00020450 0.46102 
640  0.010134 -1.9898 0.98940 -0.0038229 0.46035 
641  0.0085339 -2.0651 0.99075 0.0016674 0.46145 
642  0.0090673 -2.0386 0.99038 0.00031862 0.46116 
643  0.0080672 -2.0898 0.99099 0.00069531 0.46125 
644  0.0082672 -2.0790 0.99089 3.5394e-05 0.46111 
645  0.0088006 -2.0516 0.99057 0.00082576 0.46124 
646  0.0085339 -2.0651 0.99075 0.00013369 0.46111 
647  0.0095340 -2.0166 0.98998 -0.00030532 0.46101 
648  0.0084672 -2.0686 0.99078 -0.00046581 0.46097 
649  0.0084672 -2.0686 0.99078 -0.0010644 0.46086 
650  0.0068671 -2.1602 0.99118 -0.00017793 0.46104 
651  0.0087339 -2.0550 0.99061 -0.0024781 0.46057 
652  0.0079339 -2.0971 0.99103 0.0010269 0.46128 
653  0.0081339 -2.0862 0.99096 8.1970e-05 0.46110 
654  0.0076672 -2.1120 0.99109 -0.00072283 0.46092 
655  0.0088673 -2.0483 0.99052 0.0014514 0.46141 
656  0.0086006 -2.0617 0.99070 -0.00023619 0.46103 
657  0.010934 -1.9564 0.98873 -0.0050406 0.46001 
658  0.0091339 -2.0354 0.99033 0.00041787 0.46118 
659  0.0094006 -2.0227 0.99008 0.0017025 0.46146 
660  0.0086006 -2.0617 0.99070 -0.0016974 0.46071 
661  0.0092673 -2.0290 0.99021 -0.0015537 0.46077 
662  0.0088006 -2.0516 0.99057 -0.0039989 0.46027 
663  0.0093340 -2.0259 0.99015 -0.00090199 0.46092 
664  0.0098007 -2.0045 0.98974 -0.0012849 0.46083 
665  0.0074672 -2.1236 0.99113 0.00010095 0.46108 
666  0.0084006 -2.0720 0.99082 0.00032105 0.46115 
667  0.0084006 -2.0720 0.99082 -0.0026028 0.46053 
668  0.0093340 -2.0259 0.99015 0.00042251 0.46117 
669  0.0080672 -2.0898 0.99099 0.00029684 0.46114 
670  0.0082672 -2.0790 0.99089 -0.0019239 0.46066 
671  0.0084672 -2.0686 0.99078 -7.8426e-05 0.46108 
672  0.0088673 -2.0483 0.99052 -0.00060858 0.46096 
673  0.0080672 -2.0898 0.99099 0.0014726 0.46140 
674  0.010401 -1.9784 0.98920 -0.0042745 0.46022 
675  0.0078005 -2.1045 0.99107 0.00060810 0.46120 
676  0.0092673 -2.0290 0.99021 -0.0014106 0.46076 
677  0.0086006 -2.0617 0.99070 0.00098101 0.46130 
678  0.0097340 -2.0075 0.98979 -0.00023723 0.46101 
679  0.0079339 -2.0971 0.99103 0.00038027 0.46116 
680  0.0080005 -2.0934 0.99101 -0.00068194 0.46093 
681  0.0090006 -2.0418 0.99043 -0.0018375 0.46070 
682  0.011267 -1.9433 0.98850 -0.0052667 0.46003 
683  0.0091339 -2.0354 0.99033 -0.00052100 0.46096 
684  0.0075338 -2.1197 0.99112 0.0011690 0.46134 
685  0.0076005 -2.1158 0.99110 -0.0020347 0.46061 
686  0.0078672 -2.1008 0.99105 0.0010973 0.46130 
687  0.0090006 -2.0418 0.99043 -0.0015879 0.46077 
688  0.010201 -1.9869 0.98933 -0.00086272 0.46093 
689  0.0088006 -2.0516 0.99057 0.00034164 0.46119 
690  0.0094006 -2.0227 0.99008 -0.00096337 0.46089 
691  0.0089339 -2.0451 0.99047 7.4263e-07 0.46108 
692  0.0097340 -2.0075 0.98979 -0.0041835 0.46023 
693  0.0079339 -2.0971 0.99103 -0.00056848 0.46096 
694  0.0086006 -2.0617 0.99070 0.00076538 0.46125 
695  0.0085339 -2.0651 0.99075 -0.0010443 0.46088 
696  0.0088673 -2.0483 0.99052 0.00066763 0.46125 
697  0.0092673 -2.0290 0.99021 -7.5372e-05 0.46111 
698  0.0084672 -2.0686 0.99078 -0.00078744 0.46092 
699  0.0096006 -2.0135 0.98992 0.0010300 0.46131 
700  0.0094006 -2.0227 0.99008 -0.0027217 0.46050 
701  0.0088673 -2.0483 0.99052 -0.0011810 0.46083 
702  0.0082672 -2.0790 0.99089 0.00023739 0.46115 
703  0.0074005 -2.1275 0.99114 0.00069902 0.46122 
704  0.0090006 -2.0418 0.99043 -0.00016563 0.46107 
705  0.0091339 -2.0354 0.99033 -0.0018627 0.46072 
706  0.0096006 -2.0135 0.98992 -2.9546e-05 0.46106 
707  0.0078005 -2.1045 0.99107 -0.00080345 0.46091 
708  0.0087339 -2.0550 0.99061 0.00077372 0.46124 
709  0.010667 -1.9673 0.98894 -0.0023457 0.46059 
710  0.0085339 -2.0651 0.99075 0.00041327 0.46121 
711  0.0081339 -2.0862 0.99096 0.0010631 0.46131 
712  0.010667 -1.9673 0.98894 0.00049529 0.46120 
713  0.0084672 -2.0686 0.99078 0.00013254 0.46110 
714  0.0090006 -2.0418 0.99043 5.6472e-05 0.46111 
715  0.0086006 -2.0617 0.99070 0.0013456 0.46137 
716  0.011334 -1.9407 0.98844 -0.0043334 0.46021 
717  0.0088673 -2.0483 0.99052 0.00012837 0.46112 
718  0.0088006 -2.0516 0.99057 0.00022460 0.46113 
719  0.0092673 -2.0290 0.99021 -0.0033774 0.46038 
720  0.011267 -1.9433 0.98850 -0.0036838 0.46033 
721  0.0090006 -2.0418 0.99043 -0.00023899 0.46103 
722  0.0084672 -2.0686 0.99078 -0.0028440 0.46046 
723  0.0078005 -2.1045 0.99107 0.0011221 0.46130 
724  0.0074672 -2.1236 0.99113 -0.00031971 0.46100 
725  0.0090006 -2.0418 0.99043 -0.0030183 0.46046 
726  0.0066004 -2.1776 0.99119 -0.00051976 0.46094 
727  0.0095340 -2.0166 0.98998 0.0011939 0.46130 
728  0.0080005 -2.0934 0.99101 0.00077731 0.46125 
729  0.0087339 -2.0550 0.99061 0.0016905 0.46146 
730  0.0092673 -2.0290 0.99021 -0.0015298 0.46076 
731  0.0088673 -2.0483 0.99052 -0.00013161 0.46107 
732  0.0075338 -2.1197 0.99112 -0.00091594 0.46089 
733  0.0086672 -2.0583 0.99066 -0.0022856 0.46056 
734  0.0078672 -2.1008 0.99105 -0.00022483 0.46105 
735  0.0085339 -2.0651 0.99075 -0.0015913 0.46077 
736  0.0082005 -2.0826 0.99092 -0.00017613 0.46104 
737  0.0086006 -2.0617 0.99070 -0.0015801 0.46077 
738  0.010734 -1.9645 0.98884 -0.00045614 0.46100 
739  0.0077338 -2.1082 0.99108 -0.0011039 0.46086 
740  0.010001 -1.9956 0.98953 -0.0013258 0.46083 
741  0.0092006 -2.0322 0.99026 0.00049264 0.46117 
742  0.0094673 -2.0196 0.99003 -0.00073427 0.46092 
743  0.0095340 -2.0166 0.98998 -0.0026962 0.46051 
744  0.0094006 -2.0227 0.99008 -0.00065557 0.46096 
745  0.0076005 -2.1158 0.99110 -0.0010087 0.46085 
746  0.0084006 -2.0720 0.99082 -0.0018625 0.46070 
747  0.0092673 -2.0290 0.99021 -0.0033877 0.46039 
748  0.0094006 -2.0227 0.99008 -0.00027243 0.46104 
749  0.0088673 -2.0483 0.99052 -0.00021981 0.46104 
750  0.0083339 -2.0755 0.99086 0.00084288 0.46126 
751  0.0085339 -2.0651 0.99075 0.00053432 0.46122 
752  0.0081339 -2.0862 0.99096 0.0014656 0.46140 
753  0.0073338 -2.1315 0.99115 6.4789e-05 0.46112 
754  0.0086006 -2.0617 0.99070 0.00093028 0.46128 
755  0.0095340 -2.0166 0.98998 -1.9669e-05 0.46109 
756  0.0090006 -2.0418 0.99043 0.00098812 0.46130 
757  0.0081339 -2.0862 0.99096 -5.8038e-05 0.46104 
758  0.0090673 -2.0386 0.99038 0.00080198 0.46125 
759  0.0081339 -2.0862 0.99096 -0.0013098 0.46082 
760  0.0082005 -2.0826 0.99092 0.00014424 0.46111 
761  0.0080005 -2.0934 0.99101 -0.00014749 0.46104 
762  0.0096673 -2.0105 0.98986 -0.0014595 0.46078 
763  0.0092006 -2.0322 0.99026 -0.00035065 0.46102 
764  0.0097340 -2.0075 0.98979 0.0016714 0.46142 
765  0.0084006 -2.0720 0.99082 -0.0021390 0.46065 
766  0.0073338 -2.1315 0.99115 0.00067540 0.46120 
767  0.0095340 -2.0166 0.98998 -0.00070611 0.46096 
768  0.0072672 -2.1355 0.99116 0.0013387 0.46138 
769  0.0081339 -2.0862 0.99096 -0.00050309 0.46099 
770  0.0085339 -2.0651 0.99075 -0.00094185 0.46088 
771  0.0072672 -2.1355 0.99116 0.00043218 0.46117 
772  0.0086672 -2.0583 0.99066 -7.6602e-05 0.46107 
773  0.0083339 -2.0755 0.99086 -0.00024452 0.46106 
774  0.0083339 -2.0755 0.99086 -0.0018963 0.46069 
775  0.0096673 -2.0105 0.98986 -0.00017762 0.46103 
776  0.0083339 -2.0755 0.99086 0.00012800 0.46115 
777  0.0085339 -2.0651 0.99075 0.00071801 0.46122 
778  0.010067 -1.9927 0.98944 -0.0015589 0.46079 
779  0.0089339 -2.0451 0.99047 -0.0026263 0.46055 
780  0.0080672 -2.0898 0.99099 0.00090099 0.46125 
781  0.0071338 -2.1436 0.99117 -0.00030291 0.46104 
782  0.0092006 -2.0322 0.99026 -0.00040289 0.46100 
783  0.0075338 -2.1197 0.99112 -0.00014818 0.46101 
784  0.010001 -1.9956 0.98953 -0.0011069 0.46083 
785  0.0098007 -2.0045 0.98974 -0.0015383 0.46079 
786  0.0091339 -2.0354 0.99033 -0.00075309 0.46093 
787  0.0080672 -2.0898 0.99099 -0.00050543 0.46097 
788  0.0084006 -2.0720 0.99082 0.00033798 0.46115 
789  0.0078672 -2.1008 0.99105 -0.00057790 0.46094 
790  0.0088673 -2.0483 0.99052 -0.0012652 0.46084 
791  0.010201 -1.9869 0.98933 -0.0051607 0.46006 
792  0.0080005 -2.0934 0.99101 5.6993e-06 0.46107 
793  0.0078005 -2.1045 0.99107 0.00029980 0.46115 
794  0.010401 -1.9784 0.98920 -0.0053654 0.46001 
795  0.0098673 -2.0015 0.98968 -0.0010641 0.46084 
796  0.0086672 -2.0583 0.99066 0.0010978 0.46129 
797  0.010267 -1.9841 0.98929 0.00026545 0.46115 
798  0.0090006 -2.0418 0.99043 0.00035646 0.46118 
799  0.0092006 -2.0322 0.99026 0.00067519 0.46123 
800  0.0097340 -2.0075 0.98979 -0.0027451 0.46057 
801  0.0081339 -2.0862 0.99096 0.00010308 0.46112 
802  0.0080672 -2.0898 0.99099 -0.0014255 0.46078 
803  0.0084006 -2.0720 0.99082 -3.8721e-06 0.46109 
804  0.0086672 -2.0583 0.99066 0.0019304 0.46150 
805  0.0088673 -2.0483 0.99052 0.00040530 0.46119 
806  0.0097340 -2.0075 0.98979 0.00031368 0.46115 
807  0.0089339 -2.0451 0.99047 -0.00059217 0.46095 
808  0.0092673 -2.0290 0.99021 -0.0029211 0.46047 
809  0.0094673 -2.0196 0.99003 -0.00031311 0.46107 
810  0.0086672 -2.0583 0.99066 -0.0013144 0.46080 
811  0.0084006 -2.0720 0.99082 -0.00063873 0.46096 
812  0.0078672 -2.1008 0.99105 0.00060621 0.46122 
813  0.011401 -1.9381 0.98837 -0.0053893 0.45995 
814  0.0082672 -2.0790 0.99089 0.00023210 0.46113 
815  0.0092673 -2.0290 0.99021 -0.0028568 0.46049 
816  0.0095340 -2.0166 0.98998 -0.0013271 0.46080 
817  0.0086006 -2.0617 0.99070 -0.00091896 0.46088 
818  0.0079339 -2.0971 0.99103 0.00034183 0.46120 
819  0.0091339 -2.0354 0.99033 -0.00088286 0.46089 
820  0.010267 -1.9841 0.98929 0.00069184 0.46124 
821  0.0093340 -2.0259 0.99015 0.00025347 0.46113 
822  0.0098673 -2.0015 0.98968 -0.0028108 0.46051 
823  0.0091339 -2.0354 0.99033 0.00015769 0.46113 
824  0.0081339 -2.0862 0.99096 -0.00062187 0.46096 
825  0.0094673 -2.0196 0.99003 -0.00015760 0.46108 
826  0.0084006 -2.0720 0.99082 -0.0016958 0.46073 
827  0.011001 -1.9538 0.98869 -0.0034447 0.46037 
828  0.0084672 -2.0686 0.99078 -0.0016612 0.46073 
829  0.0082672 -2.0790 0.99089 -0.0012295 0.46080 
830  0.0078005 -2.1045 0.99107 -0.0021901 0.46065 
831  0.0093340 -2.0259 0.99015 -0.00027544 0.46102 
832  0.0081339 -2.0862 0.99096 0.00092342 0.46126 
833  0.0078672 -2.1008 0.99105 -0.00042136 0.46098 
834  0.0090673 -2.0386 0.99038 0.00019148 0.46113 
835  0.0082672 -2.0790 0.99089 -3.8898e-05 0.46105 
836  0.0078672 -2.1008 0.99105 -0.0016994 0.46072 
837  0.0075338 -2.1197 0.99112 -0.00022153 0.46106 
838  0.010934 -1.9564 0.98873 -0.0026053 0.46057 
839  0.0075338 -2.1197 0.99112 0.00030698 0.46115 
840  0.0096006 -2.0135 0.98992 0.00024878 0.46114 
841  0.0085339 -2.0651 0.99075 -0.00022949 0.46105 
842  0.0083339 -2.0755 0.99086 0.00017895 0.46110 
843  0.0080672 -2.0898 0.99099 -0.00055869 0.46097 
844  0.0082005 -2.0826 0.99092 0.00083777 0.46128 
845  0.0080672 -2.0898 0.99099 0.00012188 0.46112 
846  0.0090673 -2.0386 0.99038 -8.5894e-05 0.46106 
847  0.0086006 -2.0617 0.99070 -0.00035490 0.46101 
848  0.0085339 -2.0651 0.99075 0.00063062 0.46122 
849  0.0087339 -2.0550 0.99061 -0.00023647 0.46103 
850  0.0083339 -2.0755 0.99086 0.00015398 0.46111 
851  0.0082672 -2.0790 0.99089 0.00044892 0.46115 
852  0.0086672 -2.0583 0.99066 -0.00027044 0.46102 
853  0.0086672 -2.0583 0.99066 -0.00032402 0.46100 
854  0.0089339 -2.0451 0.99047 0.00081183 0.46125 
855  0.0074672 -2.1236 0.99113 -0.0010454 0.46087 
856  0.0080672 -2.0898 0.99099 0.00082230 0.46121 
857  0.0081339 -2.0862 0.99096 0.00010344 0.46109 
858  0.0090673 -2.0386 0.99038 -0.0024928 0.46058 
859  0.0084006 -2.0720 0.99082 -0.00017042 0.46102 
860  0.0090006 -2.0418 0.99043 -0.0013955 0.46079 
861  0.0080005 -2.0934 0.99101 -0.00012339 0.46107 
862  0.0087339 -2.0550 0.99061 -0.0036689 0.46034 
863  0.0087339 -2.0550 0.99061 -0.00073863 0.46091 
864  0.010134 -1.9898 0.98940 -6.9152e-05 0.46106 
865  0.0084672 -2.0686 0.99078 -0.0026996 0.46054 
866  0.0090006 -2.0418 0.99043 -0.0013473 0.46080 
867  0.010001 -1.9956 0.98953 -0.0051762 0.46006 
868  0.0093340 -2.0259 0.99015 0.0011555 0.46132 
869  0.0081339 -2.0862 0.99096 0.00065555 0.46124 
870  0.0086006 -2.0617 0.99070 -0.00010008 0.46109 
871  0.0080005 -2.0934 0.99101 -0.00069538 0.46096 
872  0.0095340 -2.0166 0.98998 -0.0019617 0.46063 
873  0.0091339 -2.0354 0.99033 0.0014344 0.46138 
874  0.0081339 -2.0862 0.99096 -0.0011488 0.46082 
875  0.0088006 -2.0516 0.99057 -0.0026086 0.46054 
876  0.0089339 -2.0451 0.99047 -0.0010296 0.46085 
877  0.0084672 -2.0686 0.99078 -0.00015544 0.46107 
878  0.0080672 -2.0898 0.99099 -0.00021479 0.46104 
879  0.0091339 -2.0354 0.99033 -0.0032390 0.46042 
880  0.0082672 -2.0790 0.99089 0.00038897 0.46115 
881  0.0092673 -2.0290 0.99021 -0.0035239 0.46035 
882  0.011067 -1.9511 0.98860 0.00019718 0.46116 
883  0.0090006 -2.0418 0.99043 -0.00030029 0.46103 
884  0.0086672 -2.0583 0.99066 0.0015147 0.46141 
885  0.0084006 -2.0720 0.99082 0.00018725 0.46113 
886  0.0094006 -2.0227 0.99008 -0.0012703 0.46086 
887  0.0088006 -2.0516 0.99057 0.00077127 0.46123 
888  0.0090673 -2.0386 0.99038 0.00029123 0.46115 
889  0.0086006 -2.0617 0.99070 0.00047651 0.46122 
890  0.0087339 -2.0550 0.99061 -0.00014394 0.46105 
891  0.0080005 -2.0934 0.99101 -0.00035401 0.46098 
892  0.010334 -1.9812 0.98922 -0.0049928 0.46006 
893  0.0090673 -2.0386 0.99038 -0.0023217 0.46059 
894  0.010467 -1.9756 0.98912 -0.0040854 0.46024 
895  0.0098673 -2.0015 0.98968 -0.0019050 0.46070 
896  0.0088673 -2.0483 0.99052 -0.00039169 0.46100 
897  0.0090673 -2.0386 0.99038 0.00024141 0.46112 
898  0.0080672 -2.0898 0.99099 0.00016860 0.46111 
899  0.0099340 -1.9985 0.98958 8.5284e-06 0.46109 
900  0.0094006 -2.0227 0.99008 -0.00038992 0.46099 
901  0.0085339 -2.0651 0.99075 -0.00030250 0.46102 
902  0.0092673 -2.0290 0.99021 -0.00053940 0.46098 
903  0.0088673 -2.0483 0.99052 0.00031705 0.46114 
904  0.0090673 -2.0386 0.99038 -0.0012782 0.46082 
905  0.0094006 -2.0227 0.99008 0.0020000 0.46152 
906  0.0078005 -2.1045 0.99107 -0.0015927 0.46074 
907  0.0088673 -2.0483 0.99052 -0.00086706 0.46092 
908  0.0088006 -2.0516 0.99057 5.3550e-05 0.46112 
909  0.010201 -1.9869 0.98933 0.0010878 0.46134 
910  0.0096673 -2.0105 0.98986 -0.00024488 0.46102 
911  0.0076005 -2.1158 0.99110 -0.00061281 0.46093 
912  0.0089339 -2.0451 0.99047 0.0011320 0.46131 
913  0.0083339 -2.0755 0.99086 -0.0021076 0.46063 
914  0.0089339 -2.0451 0.99047 -0.0013694 0.46077 
915  0.0079339 -2.0971 0.99103 -0.00081562 0.46091 
916  0.0090006 -2.0418 0.99043 -0.0017761 0.46069 
917  0.0082005 -2.0826 0.99092 -0.00067904 0.46092 
918  0.0090006 -2.0418 0.99043 -0.00049576 0.46101 
919  0.0091339 -2.0354 0.99033 0.00030956 0.46113 
920  0.010267 -1.9841 0.98929 -0.0027160 0.46053 
921  0.010067 -1.9927 0.98944 -0.0028005 0.46053 
922  0.0074005 -2.1275 0.99114 -0.00081382 0.46088 
923  0.0094673 -2.0196 0.99003 -0.00077869 0.46094 
924  0.0098007 -2.0045 0.98974 -0.00030372 0.46106 
925  0.0083339 -2.0755 0.99086 -0.0012325 0.46088 
926  0.0088006 -2.0516 0.99057 -0.00018980 0.46104 
927  0.0088673 -2.0483 0.99052 -0.00064059 0.46098 
928  0.0088673 -2.0483 0.99052 -0.0013215 0.46081 
929  0.0082005 -2.0826 0.99092 -5.0851e-05 0.46103 
930  0.0081339 -2.0862 0.99096 -9.4149e-05 0.46107 
931  0.0092673 -2.0290 0.99021 5.7535e-05 0.46109 
932  0.0096673 -2.0105 0.98986 -0.00017831 0.46108 
933  0.0086672 -2.0583 0.99066 -0.00038616 0.46101 
934  0.0093340 -2.0259 0.99015 -0.00012089 0.46106 
935  0.0093340 -2.0259 0.99015 -0.0012275 0.46081 
936  0.0084672 -2.0686 0.99078 0.00034215 0.46117 
937  0.0091339 -2.0354 0.99033 -0.0029759 0.46047 
938  0.0092006 -2.0322 0.99026 0.00012493 0.46111 
939  0.0076005 -2.1158 0.99110 0.00047803 0.46119 
940  0.0085339 -2.0651 0.99075 -0.0014923 0.46076 
941  0.0086672 -2.0583 0.99066 0.00064843 0.46120 
942  0.0082672 -2.0790 0.99089 -0.00019905 0.46105 
943  0.0090673 -2.0386 0.99038 -0.0035359 0.46029 
944  0.010134 -1.9898 0.98940 -0.0018353 0.46070 
945  0.0092006 -2.0322 0.99026 -0.0029781 0.46049 
946  0.0078005 -2.1045 0.99107 -0.0016628 0.46072 
947  0.0083339 -2.0755 0.99086 9.1134e-05 0.46112 
948  0.0092673 -2.0290 0.99021 -0.0021528 0.46063 
949  0.0093340 -2.0259 0.99015 0.0011107 0.46131 
950  0.0080005 -2.0934 0.99101 -0.0016091 0.46075 
951  0.0067338 -2.1688 0.99118 -0.00061806 0.46097 
952  0.0097340 -2.0075 0.98979 3.8337e-05 0.46111 
953  0.012401 -1.9011 0.98760 -0.0059732 0.45986 
954  0.0095340 -2.0166 0.98998 -0.0014668 0.46081 
955  0.0090006 -2.0418 0.99043 -0.0038581 0.46032 
956  0.0080005 -2.0934 0.99101 -0.00028636 0.46102 
957  0.0085339 -2.0651 0.99075 -0.0010587 0.46085 
958  0.0084672 -2.0686 0.99078 0.00070894 0.46127 
959  0.0078005 -2.1045 0.99107 -0.00024931 0.46102 
960  0.0087339 -2.0550 0.99061 -0.00047949 0.46099 
961  0.0092006 -2.0322 0.99026 -0.00013605 0.46106 
962  0.0089339 -2.0451 0.99047 -0.0035057 0.46034 
963  0.0073338 -2.1315 0.99115 0.00066968 0.46122 
964  0.0092006 -2.0322 0.99026 -0.0016644 0.46076 
965  0.0082005 -2.0826 0.99092 -0.0013677 0.46081 
966  0.0086006 -2.0617 0.99070 -0.0017214 0.46072 
967  0.0088006 -2.0516 0.99057 0.00066870 0.46124 
968  0.0094006 -2.0227 0.99008 -0.0038008 0.46027 
969  0.0095340 -2.0166 0.98998 0.0013685 0.46137 
970  0.0088673 -2.0483 0.99052 0.00060248 0.46120 
971  0.0090673 -2.0386 0.99038 -0.00020650 0.46106 
972  0.0079339 -2.0971 0.99103 -0.00025818 0.46104 
973  0.0086006 -2.0617 0.99070 0.00079454 0.46125 
974  0.0092673 -2.0290 0.99021 -0.0016590 0.46077 
975  0.0080005 -2.0934 0.99101 -6.9801e-05 0.46107 
976  0.0084006 -2.0720 0.99082 0.0013045 0.46134 
977  0.0078005 -2.1045 0.99107 -0.00019436 0.46102 
978  0.0088673 -2.0483 0.99052 0.00033652 0.46116 
979  0.0092006 -2.0322 0.99026 5.3180e-05 0.46109 
980  0.0090673 -2.0386 0.99038 -0.00058984 0.46095 
981  0.0086672 -2.0583 0.99066 9.9498e-05 0.46110 
982  0.0092006 -2.0322 0.99026 -0.0014681 0.46081 
983  0.0086006 -2.0617 0.99070 0.00087135 0.46126 
984  0.0090006 -2.0418 0.99043 0.00010786 0.46109 
985  0.0094673 -2.0196 0.99003 -0.00098742 0.46089 
986  0.0086006 -2.0617 0.99070 0.00063885 0.46124 
987  0.0076005 -2.1158 0.99110 0.0016079 0.46139 
988  0.0088006 -2.0516 0.99057 0.0013398 0.46138 
989  0.0092006 -2.0322 0.99026 -0.0011325 0.46083 
990  0.0080672 -2.0898 0.99099 -0.0011875 0.46082 
991  0.0084006 -2.0720 0.99082 -0.00059283 0.46096 
992  0.0093340 -2.0259 0.99015 -0.0015021 0.46078 
993  0.0093340 -2.0259 0.99015 -0.00024396 0.46105 
994  0.0094006 -2.0227 0.99008 0.00066222 0.46126 
995  0.0086672 -2.0583 0.99066 -0.00047362 0.46099 
996  0.0086006 -2.0617 0.99070 0.0010488 0.46131 
997  0.0063338 -2.1956 0.99119 0.00073621 0.46122 
998  0.0082005 -2.0826 0.99092 -0.0018537 0.46068 
999  0.0092006 -2.0322 0.99026 0.00044579 0.46116 
1000  0.0086672 -2.0583 0.99066 0.00041681 0.46119 
1001  0.0088673 -2.0483 0.99052 0.00030518 0.46113 
1002  0.0082005 -2.0826 0.99092 -0.0017779 0.46070 
1003  0.0080005 -2.0934 0.99101 -0.00083826 0.46092 
1004  0.0073338 -2.1315 0.99115 -0.00096334 0.46089 
1005  0.0087339 -2.0550 0.99061 -0.0029223 0.46046 
1006  0.0076672 -2.1120 0.99109 0.0010254 0.46132 
1007  0.0082005 -2.0826 0.99092 0.0022055 0.46157 
1008  0.0085339 -2.0651 0.99075 -0.00013177 0.46108 
1009  0.0082672 -2.0790 0.99089 -2.2491e-05 0.46107 
1010  0.010134 -1.9898 0.98940 -0.00069865 0.46092 
1011  0.0092673 -2.0290 0.99021 0.0014362 0.46137 
1012  0.0095340 -2.0166 0.98998 0.00068405 0.46124 
1013  0.0083339 -2.0755 0.99086 0.0021520 0.46154 
1014  0.0087339 -2.0550 0.99061 0.00036235 0.46118 
1015  0.0079339 -2.0971 0.99103 -0.0014045 0.46080 
1016  0.0094673 -2.0196 0.99003 -0.0018408 0.46071 
1017  0.0093340 -2.0259 0.99015 0.00023009 0.46114 
1018  0.0098007 -2.0045 0.98974 -0.00086831 0.46089 
1019  0.0095340 -2.0166 0.98998 0.00047376 0.46117 
1020  0.0091339 -2.0354 0.99033 -0.0032560 0.46041 
1021  0.0088673 -2.0483 0.99052 -0.0020844 0.46063 
1022  0.0088673 -2.0483 0.99052 -0.0042425 0.46017 
1023  0.0088673 -2.0483 0.99052 -0.0022065 0.46063 
1024  0.0098007 -2.0045 0.98974 -0.0039232 0.46028 
1025  0.011401 -1.9381 0.98837 -0.0049949 0.46005 
1026  0.0093340 -2.0259 0.99015 -0.0013843 0.46080 
1027  0.0076672 -2.1120 0.99109 -0.00055523 0.46095 
1028  0.0094006 -2.0227 0.99008 -0.0013046 0.46080 
1029  0.0086006 -2.0617 0.99070 -7.5784e-05 0.46107 
1030  0.010001 -1.9956 0.98953 0.0018115 0.46147 
1031  0.0098007 -2.0045 0.98974 -0.0010157 0.46091 
1032  0.0096006 -2.0135 0.98992 -0.0010350 0.46092 
1033  0.0092673 -2.0290 0.99021 -0.00064014 0.46095 
1034  0.0091339 -2.0354 0.99033 -0.0023427 0.46062 
1035  0.0082672 -2.0790 0.99089 1.4906e-05 0.46108 
1036  0.0098673 -2.0015 0.98968 0.0019865 0.46152 
1037  0.0080672 -2.0898 0.99099 0.00067491 0.46121 
1038  0.0083339 -2.0755 0.99086 0.00058996 0.46121 
1039  0.0087339 -2.0550 0.99061 -0.0013386 0.46080 
1040  0.0091339 -2.0354 0.99033 -1.7178e-05 0.46109 
1041  0.0086672 -2.0583 0.99066 -0.00015211 0.46103 
1042  0.0083339 -2.0755 0.99086 -0.00017409 0.46106 
1043  0.0094006 -2.0227 0.99008 0.00091832 0.46128 
1044  0.0076672 -2.1120 0.99109 -0.0020293 0.46064 
1045  0.0084006 -2.0720 0.99082 -0.0012846 0.46079 
1046  0.0079339 -2.0971 0.99103 -0.00049811 0.46097 
1047  0.0081339 -2.0862 0.99096 -0.0025766 0.46052 
1048  0.0086006 -2.0617 0.99070 0.00010963 0.46112 
1049  0.0088673 -2.0483 0.99052 -0.00087912 0.46092 
1050  0.0092006 -2.0322 0.99026 -0.0025681 0.46057 
1051  0.0090673 -2.0386 0.99038 -0.0012791 0.46083 
1052  0.0078672 -2.1008 0.99105 -0.00058745 0.46098 
1053  0.0085339 -2.0651 0.99075 0.00095326 0.46128 
1054  0.0094006 -2.0227 0.99008 -0.0018516 0.46070 
1055  0.0088006 -2.0516 0.99057 0.0022903 0.46155 
1056  0.0085339 -2.0651 0.99075 -0.0012210 0.46082 
1057  0.010201 -1.9869 0.98933 -0.0010779 0.46084 
1058  0.0092673 -2.0290 0.99021 -0.0029383 0.46050 
1059  0.0074005 -2.1275 0.99114 0.00043317 0.46117 
1060  0.0085339 -2.0651 0.99075 -0.0014191 0.46077 
1061  0.0087339 -2.0550 0.99061 -0.0015116 0.46075 
1062  0.0098673 -2.0015 0.98968 -0.0036744 0.46034 
1063  0.0092673 -2.0290 0.99021 -0.00011476 0.46105 
1064  0.0096006 -2.0135 0.98992 -0.0031964 0.46040 
1065  0.0093340 -2.0259 0.99015 -0.0030933 0.46037 
1066  0.0086006 -2.0617 0.99070 0.00063637 0.46119 
1067  0.0086672 -2.0583 0.99066 0.00096978 0.46128 
1068  0.0077338 -2.1082 0.99108 0.00047303 0.46118 
1069  0.0093340 -2.0259 0.99015 4.3155e-05 0.46109 
1070  0.0096006 -2.0135 0.98992 0.0010081 0.46129 
1071  0.0089339 -2.0451 0.99047 0.00034079 0.46115 
1072  0.0081339 -2.0862 0.99096 -0.00054874 0.46098 
1073  0.0090006 -2.0418 0.99043 0.00016847 0.46112 
1074  0.0087339 -2.0550 0.99061 -1.3965e-05 0.46107 
1075  0.0083339 -2.0755 0.99086 -0.0025471 0.46053 
1076  0.0085339 -2.0651 0.99075 0.00040949 0.46117 
1077  0.0087339 -2.0550 0.99061 7.3819e-05 0.46110 
1078  0.010067 -1.9927 0.98944 -0.0013345 0.46081 
1079  0.0088673 -2.0483 0.99052 -0.00019990 0.46104 
1080  0.0082005 -2.0826 0.99092 0.0012502 0.46135 
1081  0.0085339 -2.0651 0.99075 -0.00084136 0.46090 
1082  0.0075338 -2.1197 0.99112 0.00042753 0.46117 
1083  0.0082005 -2.0826 0.99092 0.00085514 0.46126 
1084  0.0084672 -2.0686 0.99078 -0.00032782 0.46103 
1085  0.0080672 -2.0898 0.99099 0.00064745 0.46122 
1086  0.0085339 -2.0651 0.99075 0.00070813 0.46123 
1087  0.0074672 -2.1236 0.99113 -0.00010118 0.46104 
1088  0.0085339 -2.0651 0.99075 -0.00065629 0.46094 
1089  0.0084672 -2.0686 0.99078 -0.0023633 0.46058 
1090  0.0084006 -2.0720 0.99082 -0.00051488 0.46097 
1091  0.0083339 -2.0755 0.99086 0.00016994 0.46111 
1092  0.0096673 -2.0105 0.98986 -0.0010932 0.46086 
1093  0.0081339 -2.0862 0.99096 -0.0010207 0.46086 
1094  0.0082005 -2.0826 0.99092 -0.00030482 0.46100 
1095  0.0092673 -2.0290 0.99021 -0.00023420 0.46104 
1096  0.010001 -1.9956 0.98953 0.00013360 0.46112 
1097  0.0096673 -2.0105 0.98986 0.0011916 0.46131 
1098  0.0093340 -2.0259 0.99015 -0.0016746 0.46072 
1099  0.0083339 -2.0755 0.99086 -0.00024859 0.46106 
1100  0.0085339 -2.0651 0.99075 -0.00055248 0.46097 
1101  0.0087339 -2.0550 0.99061 9.5813e-05 0.46111 
1102  0.0086672 -2.0583 0.99066 0.00048225 0.46119 
1103  0.0072005 -2.1395 0.99117 -0.00011997 0.46105 
1104  0.0088006 -2.0516 0.99057 -0.00049298 0.46097 
1105  0.0072005 -2.1395 0.99117 0.00022485 0.46115 
1106  0.0095340 -2.0166 0.98998 -0.00068887 0.46095 
1107  0.0081339 -2.0862 0.99096 0.00063056 0.46122 
1108  0.0087339 -2.0550 0.99061 -0.0012790 0.46080 
1109  0.0089339 -2.0451 0.99047 -0.0011437 0.46083 
1110  0.0096006 -2.0135 0.98992 -0.0038819 0.46032 
1111  0.0090673 -2.0386 0.99038 -0.0020998 0.46064 
1112  0.0082672 -2.0790 0.99089 0.00097835 0.46131 
1113  0.0091339 -2.0354 0.99033 0.00049101 0.46118 
1114  0.0088006 -2.0516 0.99057 -0.0033966 0.46037 
1115  0.0077338 -2.1082 0.99108 -0.00072318 0.46092 
1116  0.0097340 -2.0075 0.98979 -0.0013305 0.46082 
1117  0.0079339 -2.0971 0.99103 0.00085369 0.46126 
1118  0.0084006 -2.0720 0.99082 -0.0037145 0.46026 
1119  0.0081339 -2.0862 0.99096 0.0017899 0.46147 
1120  0.0082672 -2.0790 0.99089 -0.00032965 0.46100 
1121  0.0076672 -2.1120 0.99109 -0.00080090 0.46091 
1122  0.0092673 -2.0290 0.99021 0.00068333 0.46123 
1123  0.0082005 -2.0826 0.99092 6.3938e-05 0.46112 
1124  0.0085339 -2.0651 0.99075 0.00054990 0.46122 
1125  0.0096006 -2.0135 0.98992 -0.00082724 0.46093 
1126  0.0075338 -2.1197 0.99112 -0.0025433 0.46054 
1127  0.0094006 -2.0227 0.99008 0.00061519 0.46123 
1128  0.0080005 -2.0934 0.99101 -0.00064941 0.46095 
1129  0.011067 -1.9511 0.98860 -0.0054599 0.45993 
1130  0.0080672 -2.0898 0.99099 0.00046568 0.46119 
1131  0.0098673 -2.0015 0.98968 -0.00043717 0.46106 
1132  0.0091339 -2.0354 0.99033 0.0016630 0.46143 
1133  0.0086672 -2.0583 0.99066 -0.0014245 0.46077 
1134  0.0078005 -2.1045 0.99107 -0.0016468 0.46074 
1135  0.0095340 -2.0166 0.98998 -0.0031564 0.46049 
1136  0.0088006 -2.0516 0.99057 0.00071263 0.46123 
1137  0.0077338 -2.1082 0.99108 -0.00023746 0.46100 
1138  0.0088673 -2.0483 0.99052 0.00086732 0.46128 
1139  0.0088006 -2.0516 0.99057 -0.00010432 0.46108 
1140  0.0080005 -2.0934 0.99101 0.00049657 0.46117 
1141  0.0095340 -2.0166 0.98998 -0.0030000 0.46045 
1142  0.0088006 -2.0516 0.99057 0.00069262 0.46124 
1143  0.0086672 -2.0583 0.99066 -0.00092495 0.46089 
1144  0.0098673 -2.0015 0.98968 0.0016053 0.46144 
1145  0.0091339 -2.0354 0.99033 -0.0029188 0.46050 
1146  0.0082005 -2.0826 0.99092 0.00017038 0.46112 
1147  0.010801 -1.9618 0.98881 1.1856e-05 0.46111 
1148  0.0086006 -2.0617 0.99070 -0.00011047 0.46105 
1149  0.0090673 -2.0386 0.99038 -0.0029254 0.46051 
1150  0.0080005 -2.0934 0.99101 0.00081863 0.46127 
1151  0.0093340 -2.0259 0.99015 0.00062114 0.46121 
1152  0.0095340 -2.0166 0.98998 -0.0035159 0.46031 
1153  0.0075338 -2.1197 0.99112 -8.3256e-05 0.46106 
1154  0.0081339 -2.0862 0.99096 -0.00071159 0.46090 
1155  0.0083339 -2.0755 0.99086 7.7875e-05 0.46111 
1156  0.0083339 -2.0755 0.99086 -0.00021230 0.46107 
1157  0.0084006 -2.0720 0.99082 -0.0013774 0.46078 
1158  0.0096673 -2.0105 0.98986 0.00011687 0.46111 
1159  0.0088673 -2.0483 0.99052 0.00038171 0.46116 
1160  0.0090006 -2.0418 0.99043 0.00086862 0.46126 
1161  0.011067 -1.9511 0.98860 -0.00013641 0.46106 
1162  0.0085339 -2.0651 0.99075 0.0015221 0.46140 
1163  0.0086006 -2.0617 0.99070 -0.0034014 0.46039 
1164  0.0090673 -2.0386 0.99038 9.0153e-05 0.46109 
1165  0.0088673 -2.0483 0.99052 -0.0017409 0.46072 
1166  0.010001 -1.9956 0.98953 -0.00011457 0.46106 
1167  0.0098673 -2.0015 0.98968 -0.0016451 0.46072 
1168  0.0086006 -2.0617 0.99070 -0.00018281 0.46109 
1169  0.0096006 -2.0135 0.98992 0.00055074 0.46125 
1170  0.0085339 -2.0651 0.99075 -0.00016460 0.46101 
1171  0.0098673 -2.0015 0.98968 -0.00043604 0.46100 
1172  0.0090006 -2.0418 0.99043 -0.0027351 0.46050 
1173  0.0085339 -2.0651 0.99075 -4.4581e-05 0.46108 
1174  0.0088006 -2.0516 0.99057 -0.00028699 0.46104 
1175  0.0088673 -2.0483 0.99052 0.00039446 0.46117 
1176  0.0090006 -2.0418 0.99043 -0.0016869 0.46074 
1177  0.0091339 -2.0354 0.99033 -0.0030080 0.46046 
1178  0.0090673 -2.0386 0.99038 -0.0012539 0.46081 
1179  0.0081339 -2.0862 0.99096 -0.00065294 0.46096 
1180  0.0088673 -2.0483 0.99052 9.9277e-06 0.46106 
1181  0.0090673 -2.0386 0.99038 -0.00089757 0.46087 
1182  0.0090673 -2.0386 0.99038 0.00090743 0.46129 
1183  0.0091339 -2.0354 0.99033 0.0019286 0.46150 
1184  0.0086006 -2.0617 0.99070 0.00028999 0.46114 
1185  0.0090006 -2.0418 0.99043 0.00014983 0.46110 
1186  0.0098673 -2.0015 0.98968 6.0189e-05 0.46111 
1187  0.0092673 -2.0290 0.99021 0.0011191 0.46135 
1188  0.0098007 -2.0045 0.98974 -0.0034983 0.46035 
1189  0.0077338 -2.1082 0.99108 0.00082682 0.46124 
1190  0.0078005 -2.1045 0.99107 -7.5979e-05 0.46107 
1191  0.0096673 -2.0105 0.98986 0.00030682 0.46115 
1192  0.0087339 -2.0550 0.99061 -0.0011724 0.46079 
1193  0.0081339 -2.0862 0.99096 -0.0021325 0.46063 
1194  0.010134 -1.9898 0.98940 -0.00023667 0.46101 
1195  0.0098673 -2.0015 0.98968 -0.0019665 0.46072 
1196  0.0092006 -2.0322 0.99026 -0.00099676 0.46090 
1197  0.0082005 -2.0826 0.99092 0.0021645 0.46154 
1198  0.0090006 -2.0418 0.99043 0.0018640 0.46147 
1199  0.0076005 -2.1158 0.99110 -0.00052980 0.46096 
1200  0.0092006 -2.0322 0.99026 -0.00048191 0.46097 
1201  0.0080005 -2.0934 0.99101 0.0014967 0.46137 
1202  0.0088673 -2.0483 0.99052 0.00084656 0.46124 
1203  0.0076005 -2.1158 0.99110 -0.00090493 0.46091 
1204  0.0068005 -2.1645 0.99118 -0.00048528 0.46097 
1205  0.0088006 -2.0516 0.99057 -0.00024146 0.46103 
1206  0.0075338 -2.1197 0.99112 -0.0023342 0.46058 
1207  0.0088673 -2.0483 0.99052 -4.7010e-05 0.46112 
1208  0.0087339 -2.0550 0.99061 -0.00054071 0.46102 
1209  0.0085339 -2.0651 0.99075 0.00086607 0.46129 
1210  0.0093340 -2.0259 0.99015 -0.00099132 0.46087 
1211  0.0091339 -2.0354 0.99033 0.0014013 0.46139 
1212  0.0087339 -2.0550 0.99061 0.00089722 0.46128 
1213  0.0079339 -2.0971 0.99103 0.00078263 0.46124 
1214  0.0097340 -2.0075 0.98979 0.00075175 0.46126 
1215  0.0078672 -2.1008 0.99105 0.00043691 0.46121 
1216  0.0074672 -2.1236 0.99113 0.00030662 0.46114 
1217  0.0096006 -2.0135 0.98992 -0.00013193 0.46104 
1218  0.0078672 -2.1008 0.99105 0.0011022 0.46129 
1219  0.0084672 -2.0686 0.99078 -0.0037578 0.46028 
1220  0.010267 -1.9841 0.98929 -0.0054156 0.45994 
1221  0.0090673 -2.0386 0.99038 0.00083928 0.46127 
1222  0.0092006 -2.0322 0.99026 0.0010252 0.46130 
1223  0.0092673 -2.0290 0.99021 0.00063894 0.46123 
1224  0.0083339 -2.0755 0.99086 -0.0014379 0.46078 
1225  0.0086672 -2.0583 0.99066 0.00012141 0.46112 
1226  0.0086672 -2.0583 0.99066 0.00025784 0.46114 
1227  0.0096006 -2.0135 0.98992 -0.00030890 0.46103 
1228  0.0081339 -2.0862 0.99096 0.00071778 0.46124 
1229  0.0083339 -2.0755 0.99086 0.00061539 0.46119 
1230  0.0082672 -2.0790 0.99089 -0.00037392 0.46100 
1231  0.0086006 -2.0617 0.99070 0.00087683 0.46127 
1232  0.0079339 -2.0971 0.99103 5.3054e-05 0.46108 
1233  0.0081339 -2.0862 0.99096 -0.00010331 0.46106 
1234  0.0089339 -2.0451 0.99047 2.8699e-05 0.46108 
1235  0.0089339 -2.0451 0.99047 0.0011293 0.46133 
1236  0.0089339 -2.0451 0.99047 0.00044771 0.46116 
1237  0.011001 -1.9538 0.98869 0.00032207 0.46117 
1238  0.0078005 -2.1045 0.99107 0.0013158 0.46139 
1239  0.0093340 -2.0259 0.99015 -0.0020930 0.46063 
1240  0.0090673 -2.0386 0.99038 -0.0016039 0.46076 
1241  0.0098673 -2.0015 0.98968 0.0014344 0.46138 
1242  0.0092673 -2.0290 0.99021 -0.00019257 0.46107 
1243  0.0091339 -2.0354 0.99033 -0.0016080 0.46076 
1244  0.0082672 -2.0790 0.99089 8.2584e-05 0.46113 
1245  0.0084006 -2.0720 0.99082 0.0011075 0.46132 
1246  0.0092006 -2.0322 0.99026 0.00010283 0.46111 
1247  0.0074005 -2.1275 0.99114 -0.00061339 0.46093 
1248  0.0088673 -2.0483 0.99052 -0.0030349 0.46041 
1249  0.0084006 -2.0720 0.99082 0.00011373 0.46113 
1250  0.0094006 -2.0227 0.99008 -0.0048253 0.46009 
1251  0.0075338 -2.1197 0.99112 0.0010401 0.46130 
1252  0.0077338 -2.1082 0.99108 -0.00062778 0.46095 
1253  0.0088673 -2.0483 0.99052 0.00024636 0.46113 
1254  0.0092673 -2.0290 0.99021 -8.6828e-05 0.46110 
1255  0.0082005 -2.0826 0.99092 -0.0032778 0.46038 
1256  0.0085339 -2.0651 0.99075 7.1216e-05 0.46110 
1257  0.0096673 -2.0105 0.98986 -0.00021151 0.46105 
1258  0.0088673 -2.0483 0.99052 0.00075357 0.46123 
1259  0.0083339 -2.0755 0.99086 -0.00090587 0.46089 
1260  0.0086672 -2.0583 0.99066 -0.0014517 0.46077 
1261  0.0077338 -2.1082 0.99108 5.9364e-06 0.46106 
1262  0.0072005 -2.1395 0.99117 -0.00034232 0.46100 
1263  0.0082672 -2.0790 0.99089 -0.0014631 0.46077 
1264  0.0085339 -2.0651 0.99075 0.00092285 0.46127 
1265  0.0080005 -2.0934 0.99101 -0.00041389 0.46104 
1266  0.0080005 -2.0934 0.99101 -0.00026395 0.46101 
1267  0.0087339 -2.0550 0.99061 -0.0013952 0.46080 
1268  0.0084672 -2.0686 0.99078 -0.0016895 0.46072 
1269  0.0088673 -2.0483 0.99052 0.00055014 0.46122 
1270  0.0083339 -2.0755 0.99086 -1.2858e-05 0.46106 
1271  0.0092006 -2.0322 0.99026 -0.0024583 0.46058 
1272  0.0084672 -2.0686 0.99078 -0.00068818 0.46094 
1273  0.0086672 -2.0583 0.99066 0.00049228 0.46119 
1274  0.0086672 -2.0583 0.99066 -0.0016213 0.46073 
1275  0.0097340 -2.0075 0.98979 -0.0028638 0.46047 
1276  0.0093340 -2.0259 0.99015 0.0010513 0.46131 
1277  0.0080672 -2.0898 0.99099 0.00011892 0.46110 
1278  0.010067 -1.9927 0.98944 -0.0042825 0.46019 
1279  0.0081339 -2.0862 0.99096 0.00037993 0.46118 
1280  0.0082672 -2.0790 0.99089 -0.00054300 0.46095 
1281  0.0098673 -2.0015 0.98968 -9.9592e-05 0.46107 
1282  0.0093340 -2.0259 0.99015 0.00052773 0.46119 
1283  0.0084006 -2.0720 0.99082 -0.0010602 0.46086 
1284  0.0096006 -2.0135 0.98992 -0.0015835 0.46077 
1285  0.0098673 -2.0015 0.98968 0.0012422 0.46134 
1286  0.0087339 -2.0550 0.99061 -0.00082121 0.46092 
1287  0.0081339 -2.0862 0.99096 -0.0015158 0.46073 
1288  0.0098673 -2.0015 0.98968 -2.6158e-05 0.46107 
1289  0.0096006 -2.0135 0.98992 -0.00011221 0.46107 
1290  0.010467 -1.9756 0.98912 -0.0027420 0.46050 
1291  0.0095340 -2.0166 0.98998 -0.0021230 0.46060 
1292  0.010401 -1.9784 0.98920 0.00065394 0.46123 
1293  0.0086006 -2.0617 0.99070 -0.0015059 0.46076 
1294  0.0092673 -2.0290 0.99021 -0.00015260 0.46105 
1295  0.0090006 -2.0418 0.99043 -0.0029341 0.46051 
1296  0.0082005 -2.0826 0.99092 -0.00085394 0.46090 
1297  0.0092673 -2.0290 0.99021 0.00058302 0.46123 
1298  0.0082672 -2.0790 0.99089 -0.00012011 0.46107 
1299  0.0087339 -2.0550 0.99061 -0.00025419 0.46103 
1300  0.0089339 -2.0451 0.99047 -0.0028471 0.46047 
1301  0.0088673 -2.0483 0.99052 -0.0023828 0.46059 
1302  0.0081339 -2.0862 0.99096 0.00033741 0.46115 
1303  0.0084672 -2.0686 0.99078 -4.2270e-05 0.46107 
1304  0.0082005 -2.0826 0.99092 -0.0029640 0.46043 
1305  0.0086672 -2.0583 0.99066 -0.0024127 0.46056 
1306  0.0090673 -2.0386 0.99038 0.0016831 0.46143 
1307  0.0084006 -2.0720 0.99082 0.00069007 0.46122 
1308  0.0074005 -2.1275 0.99114 -0.00023009 0.46102 
1309  0.0087339 -2.0550 0.99061 0.00012574 0.46111 
1310  0.0090006 -2.0418 0.99043 -0.0011448 0.46080 
1311  0.0096006 -2.0135 0.98992 -0.0019841 0.46067 
1312  0.0098007 -2.0045 0.98974 -0.00076746 0.46093 
1313  0.0096006 -2.0135 0.98992 -0.0035833 0.46032 
1314  0.0087339 -2.0550 0.99061 -0.0016246 0.46072 
1315  0.0087339 -2.0550 0.99061 -3.7855e-05 0.46109 
1316  0.010867 -1.9591 0.98879 -0.00068561 0.46093 
1317  0.0092006 -2.0322 0.99026 -0.0014481 0.46077 
1318  0.0074672 -2.1236 0.99113 -0.0016841 0.46072 
1319  0.0092673 -2.0290 0.99021 -0.00013269 0.46102 
1320  0.010667 -1.9673 0.98894 0.0010080 0.46132 
1321  0.0092673 -2.0290 0.99021 0.00078852 0.46127 
1322  0.0080005 -2.0934 0.99101 0.0012337 0.46133 
1323  0.0078672 -2.1008 0.99105 0.00019536 0.46113 
1324  0.0082672 -2.0790 0.99089 0.00064698 0.46120 
1325  0.0087339 -2.0550 0.99061 0.00028199 0.46115 
1326  0.0096673 -2.0105 0.98986 -0.00065150 0.46093 
1327  0.0084006 -2.0720 0.99082 -0.00016142 0.46105 
1328  0.0090006 -2.0418 0.99043 -0.00020621 0.46106 
1329  0.0089339 -2.0451 0.99047 0.00045533 0.46120 
1330  0.0098007 -2.0045 0.98974 0.00084456 0.46128 
1331  0.0086672 -2.0583 0.99066 3.8006e-05 0.46109 
1332  0.0087339 -2.0550 0.99061 0.00022985 0.46115 
1333  0.0086006 -2.0617 0.99070 -0.0015953 0.46077 
1334  0.0081339 -2.0862 0.99096 0.00022166 0.46113 
1335  0.0096673 -2.0105 0.98986 0.0014421 0.46139 
1336  0.0094673 -2.0196 0.99003 -0.0012188 0.46084 
1337  0.011601 -1.9304 0.98813 -0.0060283 0.45987 
1338  0.0089339 -2.0451 0.99047 0.00030741 0.46116 
1339  0.0086672 -2.0583 0.99066 -0.0010890 0.46086 
1340  0.010134 -1.9898 0.98940 -0.00055581 0.46095 
1341  0.0081339 -2.0862 0.99096 -0.00057078 0.46101 
1342  0.0096673 -2.0105 0.98986 -0.00028502 0.46103 
1343  0.0086672 -2.0583 0.99066 -0.0018678 0.46070 
1344  0.0086672 -2.0583 0.99066 -0.0015962 0.46074 
1345  0.0073338 -2.1315 0.99115 0.0011391 0.46131 
1346  0.0091339 -2.0354 0.99033 0.00030771 0.46115 
1347  0.0091339 -2.0354 0.99033 -0.0019526 0.46065 
1348  0.0089339 -2.0451 0.99047 -0.0012399 0.46086 
1349  0.0084672 -2.0686 0.99078 -0.00071741 0.46092 
1350  0.0092673 -2.0290 0.99021 -0.0011170 0.46084 
1351  0.0097340 -2.0075 0.98979 -0.00055960 0.46096 
1352  0.0081339 -2.0862 0.99096 -0.0015365 0.46074 
1353  0.0088006 -2.0516 0.99057 0.00097630 0.46128 
1354  0.0072672 -2.1355 0.99116 -0.00082184 0.46090 
1355  0.0093340 -2.0259 0.99015 -0.00081365 0.46089 
1356  0.0086006 -2.0617 0.99070 0.00072104 0.46123 
1357  0.0078672 -2.1008 0.99105 0.00045991 0.46117 
1358  0.0083339 -2.0755 0.99086 0.00057152 0.46118 
1359  0.0077338 -2.1082 0.99108 -0.0012756 0.46081 
1360  0.0090006 -2.0418 0.99043 -9.5959e-05 0.46106 
1361  0.0094673 -2.0196 0.99003 -0.0034899 0.46033 
1362  0.0094673 -2.0196 0.99003 -3.7618e-05 0.46107 
1363  0.0069338 -2.1560 0.99118 -0.0020439 0.46064 
1364  0.0081339 -2.0862 0.99096 4.5902e-05 0.46107 
1365  0.0092673 -2.0290 0.99021 0.00089935 0.46126 
1366  0.0088006 -2.0516 0.99057 -0.0020744 0.46065 
1367  0.0096673 -2.0105 0.98986 0.0011397 0.46137 
1368  0.010201 -1.9869 0.98933 0.0014167 0.46140 
1369  0.0083339 -2.0755 0.99086 -0.00043163 0.46097 
1370  0.0091339 -2.0354 0.99033 -0.0029991 0.46047 
1371  0.0076005 -2.1158 0.99110 0.00049310 0.46115 
1372  0.010134 -1.9898 0.98940 -0.00080936 0.46092 
1373  0.0088006 -2.0516 0.99057 0.00087379 0.46127 
1374  0.0090673 -2.0386 0.99038 -0.0015231 0.46074 
1375  0.0096673 -2.0105 0.98986 -0.0047350 0.46009 
1376  0.0086672 -2.0583 0.99066 0.00076432 0.46125 
1377  0.0090673 -2.0386 0.99038 -0.00077993 0.46091 
1378  0.0088006 -2.0516 0.99057 0.00035948 0.46117 
1379  0.0087339 -2.0550 0.99061 0.00021128 0.46113 
1380  0.0082005 -2.0826 0.99092 0.00034704 0.46115 
1381  0.0088006 -2.0516 0.99057 -0.0013556 0.46084 
1382  0.0093340 -2.0259 0.99015 0.00053098 0.46120 
1383  0.0084006 -2.0720 0.99082 -0.00021373 0.46102 
1384  0.0092006 -2.0322 0.99026 -0.0012161 0.46081 
1385  0.0076672 -2.1120 0.99109 -0.00035274 0.46101 
1386  0.010867 -1.9591 0.98879 -0.0049595 0.46007 
1387  0.0077338 -2.1082 0.99108 -0.00064225 0.46093 
1388  0.0086006 -2.0617 0.99070 0.00036764 0.46119 
1389  0.0094673 -2.0196 0.99003 -0.00037943 0.46099 
1390  0.0091339 -2.0354 0.99033 0.00017233 0.46113 
1391  0.0086006 -2.0617 0.99070 0.00036579 0.46118 
1392  0.0091339 -2.0354 0.99033 -0.00013433 0.46107 
1393  0.0081339 -2.0862 0.99096 0.00050146 0.46116 
1394  0.0095340 -2.0166 0.98998 -0.00020466 0.46104 
1395  0.0074005 -2.1275 0.99114 0.00054535 0.46117 
1396  0.0083339 -2.0755 0.99086 -0.0016473 0.46074 
1397  0.0084006 -2.0720 0.99082 0.0014126 0.46141 
1398  0.0076005 -2.1158 0.99110 -0.00028328 0.46104 
1399  0.0093340 -2.0259 0.99015 0.00053845 0.46120 
1400  0.0084006 -2.0720 0.99082 -0.0026964 0.46052 
1401  0.0082672 -2.0790 0.99089 -0.0021725 0.46061 
1402  0.0096006 -2.0135 0.98992 -0.00032510 0.46100 
1403  0.0090673 -2.0386 0.99038 -0.0014484 0.46079 
1404  0.0084006 -2.0720 0.99082 0.0019112 0.46151 
1405  0.0076672 -2.1120 0.99109 0.00091699 0.46127 
1406  0.0084006 -2.0720 0.99082 -0.00037765 0.46100 
1407  0.0094673 -2.0196 0.99003 -6.7261e-05 0.46107 
1408  0.0082672 -2.0790 0.99089 -0.0022262 0.46060 
1409  0.0095340 -2.0166 0.98998 0.00044190 0.46117 
1410  0.0095340 -2.0166 0.98998 -0.00097304 0.46086 
1411  0.0092006 -2.0322 0.99026 -0.00037474 0.46101 
1412  0.0082005 -2.0826 0.99092 0.00077988 0.46125 
1413  0.0085339 -2.0651 0.99075 0.00054046 0.46124 
1414  0.0090673 -2.0386 0.99038 -0.0016367 0.46073 
1415  0.0066004 -2.1776 0.99119 0.00095091 0.46126 
1416  0.0084672 -2.0686 0.99078 -4.8634e-05 0.46106 
1417  0.010467 -1.9756 0.98912 -0.0037124 0.46033 
1418  0.0084672 -2.0686 0.99078 0.00050364 0.46120 
1419  0.0074672 -2.1236 0.99113 -0.00029654 0.46101 
1420  0.0090673 -2.0386 0.99038 0.00010173 0.46113 
1421  0.0078672 -2.1008 0.99105 -0.0015983 0.46074 
1422  0.0082005 -2.0826 0.99092 0.00042372 0.46118 
1423  0.010134 -1.9898 0.98940 -0.0052126 0.46000 
1424  0.010867 -1.9591 0.98879 -0.0021823 0.46065 
1425  0.0083339 -2.0755 0.99086 -0.00019190 0.46101 
1426  0.0090673 -2.0386 0.99038 0.0016645 0.46142 
1427  0.0079339 -2.0971 0.99103 0.0011423 0.46132 
1428  0.0076005 -2.1158 0.99110 -0.00049849 0.46100 
1429  0.0083339 -2.0755 0.99086 8.6323e-05 0.46110 
1430  0.0088673 -2.0483 0.99052 -0.0016610 0.46075 
1431  0.0080672 -2.0898 0.99099 0.00027158 0.46111 
1432  0.0088006 -2.0516 0.99057 -0.00046133 0.46098 
1433  0.0092006 -2.0322 0.99026 -0.0018570 0.46071 
1434  0.0086006 -2.0617 0.99070 -0.0025783 0.46054 
1435  0.011001 -1.9538 0.98869 -0.00086493 0.46096 
1436  0.010001 -1.9956 0.98953 -0.00026445 0.46103 
1437  0.0097340 -2.0075 0.98979 -8.9768e-05 0.46110 
1438  0.0096673 -2.0105 0.98986 -0.0022651 0.46062 
1439  0.0087339 -2.0550 0.99061 -0.0021198 0.46066 
1440  0.0085339 -2.0651 0.99075 0.00025310 0.46113 
1441  0.0084672 -2.0686 0.99078 -0.00033171 0.46101 
1442  0.0086006 -2.0617 0.99070 0.0014668 0.46139 
1443  0.0094006 -2.0227 0.99008 -6.0722e-05 0.46107 
1444  0.0078005 -2.1045 0.99107 0.00016855 0.46110 
1445  0.0076672 -2.1120 0.99109 0.00081184 0.46127 
1446  0.0099340 -1.9985 0.98958 0.00065141 0.46121 
1447  0.0089339 -2.0451 0.99047 0.00054088 0.46116 
1448  0.0096006 -2.0135 0.98992 0.00034744 0.46117 
1449  0.0083339 -2.0755 0.99086 -0.00061812 0.46096 
1450  0.0098673 -2.0015 0.98968 -0.0025294 0.46057 
1451  0.0089339 -2.0451 0.99047 0.0011917 0.46133 
1452  0.0094006 -2.0227 0.99008 -0.00046705 0.46101 
1453  0.0087339 -2.0550 0.99061 0.00036467 0.46115 
1454  0.0081339 -2.0862 0.99096 -0.00041334 0.46096 
1455  0.0086006 -2.0617 0.99070 0.00044180 0.46117 
1456  0.0087339 -2.0550 0.99061 -0.0019687 0.46065 
1457  0.0090006 -2.0418 0.99043 -0.0029698 0.46050 
1458  0.0082672 -2.0790 0.99089 -0.0015345 0.46075 
1459  0.0075338 -2.1197 0.99112 0.00070025 0.46124 
1460  0.0088006 -2.0516 0.99057 -9.4853e-05 0.46106 
1461  0.0096006 -2.0135 0.98992 -0.0010364 0.46089 
1462  0.0086672 -2.0583 0.99066 -6.0539e-07 0.46111 
1463  0.0085339 -2.0651 0.99075 -0.0014517 0.46076 
1464  0.0092006 -2.0322 0.99026 -0.0015101 0.46078 
1465  0.0088006 -2.0516 0.99057 -0.0037197 0.46028 
1466  0.0090006 -2.0418 0.99043 -0.0026056 0.46049 
1467  0.010267 -1.9841 0.98929 -0.0023031 0.46062 
1468  0.0091339 -2.0354 0.99033 -9.0678e-06 0.46108 
1469  0.0093340 -2.0259 0.99015 -0.0044905 0.46016 
1470  0.0084006 -2.0720 0.99082 1.9067e-05 0.46110 
